NC_018482_Z-protein,4775,63.636,5.0,20.8
NC_018482_Z-protein,4699,63.636,5.0,20.8
NC_018482_L-protein,4789,35.714,0.42,28.9
NC_018482_L-protein,4714,35.714,0.42,28.9
NC_018482_L-protein,4774,25.490,2.2,26.9
NC_018482_L-protein,4698,25.490,2.2,26.9
NC_018482_L-protein,4507,21.053,3.7,25.8
NC_018483_glycoprotein,3127,44.828,2.9,23.9
NC_018483_glycoprotein,4796,29.032,7.6,22.3
NC_018483_glycoprotein,4722,29.032,7.6,22.3
NC_018483_nucleoprotein,4772,33.333,0.19,28.1
NC_018483_nucleoprotein,4696,33.333,0.19,28.1
NC_018483_nucleoprotein,4760,28.846,0.90,26.2
NC_018483_nucleoprotein,4684,28.846,0.90,26.2
NC_018483_nucleoprotein,4784,31.818,1.4,25.4
JQ717263_L-protein,4789,35.714,0.42,28.9
JQ717263_L-protein,4714,35.714,0.42,28.9
JQ717263_L-protein,4774,25.490,2.2,26.9
JQ717263_L-protein,4698,25.490,2.2,26.9
JQ717263_L-protein,4507,21.053,3.7,25.8
JQ717263_Z-protein,4775,63.636,5.0,20.8
JQ717263_Z-protein,4699,63.636,5.0,20.8
JQ717264_glycoprotein,3127,44.828,2.9,23.9
JQ717264_glycoprotein,4796,29.032,7.6,22.3
JQ717264_glycoprotein,4722,29.032,7.6,22.3
JQ717264_nucleoprotein,4772,33.333,0.19,28.1
JQ717264_nucleoprotein,4696,33.333,0.19,28.1
JQ717264_nucleoprotein,4760,28.846,0.90,26.2
JQ717264_nucleoprotein,4684,28.846,0.90,26.2
JQ717264_nucleoprotein,4784,31.818,1.4,25.4
KC508670_Z-protein,4802,25.714,7.3,20.0
KC508670_Z-protein,4727,25.714,7.3,20.0
KC508670_L-polymerase,7689,26.027,1.9,26.9
KC508670_L-polymerase,8802,30.120,3.5,26.2
NC_023761_glycoprotein,8805,38.095,5.1,22.7
NC_023761_nucleocapsid-protein,4760,30.769,0.30,27.7
NC_023761_nucleocapsid-protein,4684,30.769,0.30,27.7
NC_023761_nucleocapsid-protein,4796,32.258,4.1,23.9
NC_023761_nucleocapsid-protein,4722,32.258,4.1,23.9
NC_023761_nucleocapsid-protein,4775,31.343,6.0,23.5
NC_023762_Z-protein,4802,25.714,7.3,20.0
NC_023762_Z-protein,4727,25.714,7.3,20.0
NC_023762_L-polymerase,7689,26.027,1.9,26.9
NC_023762_L-polymerase,8802,30.120,3.5,26.2
KC508669_glycoprotein,8805,38.095,5.1,22.7
KC508669_nucleocapsid-protein,4760,30.769,0.30,27.7
KC508669_nucleocapsid-protein,4684,30.769,0.30,27.7
KC508669_nucleocapsid-protein,4796,32.258,4.1,23.9
KC508669_nucleocapsid-protein,4722,32.258,4.1,23.9
KC508669_nucleocapsid-protein,4775,31.343,6.0,23.5
KF297880_glycoprotein,6652,29.032,0.99,25.4
KF297880_glycoprotein,4775,20.635,2.4,24.3
KF297880_glycoprotein,4699,20.635,2.4,24.3
KF297880_glycoprotein,7688,45.833,4.1,23.5
KF297880_nucleoprotein,4760,30.769,0.22,28.1
KF297880_nucleoprotein,4684,30.769,0.22,28.1
KF297880_nucleoprotein,4796,32.258,4.2,23.9
KF297880_nucleoprotein,4722,32.258,4.2,23.9
KF297880_nucleoprotein,5558,25.532,9.7,22.7
KF297881_Z-protein,4813,33.333,9.7,19.6
KF297881_Z-protein,4738,33.333,9.7,19.6
KF297881_L-protein,7689,27.632,1.8,26.9
KF297881_L-protein,8802,28.916,8.9,24.6
NC_023765_Z-protein,4813,33.333,9.7,19.6
NC_023765_Z-protein,4738,33.333,9.7,19.6
NC_023765_L-protein,7689,27.632,1.8,26.9
NC_023765_L-protein,8802,28.916,8.9,24.6
NC_023766_glycoprotein,6652,29.032,0.99,25.4
NC_023766_glycoprotein,4775,20.635,2.4,24.3
NC_023766_glycoprotein,4699,20.635,2.4,24.3
NC_023766_glycoprotein,7688,45.833,4.1,23.5
NC_023766_nucleoprotein,4760,30.769,0.22,28.1
NC_023766_nucleoprotein,4684,30.769,0.22,28.1
NC_023766_nucleoprotein,4796,32.258,4.2,23.9
NC_023766_nucleoprotein,4722,32.258,4.2,23.9
NC_023766_nucleoprotein,5558,25.532,9.7,22.7
NC_043443_RdRp,4774,30.357,3.5,26.2
NC_043443_RdRp,4698,30.357,3.5,26.2
NC_043444_GPC,4803,27.132,0.019,31.2
NC_043444_GPC,4728,27.132,0.019,31.2
NC_043444_GPC,4760,24.752,2.2,24.6
NC_043444_GPC,4684,24.752,2.2,24.6
NC_043444_GPC,4811,24.138,4.0,23.5
NC_043444_GPC,4811,27.451,9.7,22.3
NC_043444_NP,5156,27.586,0.30,27.7
NC_043444_NP,4775,23.529,4.7,23.9
NC_043444_NP,4699,23.529,4.7,23.9
NC_043444_NP,4797,45.455,6.6,23.1
NC_043444_NP,4720,45.455,6.6,23.1
NC_039005_GPC,4775,25.926,7.4,22.7
NC_039005_GPC,4699,25.926,7.4,22.7
NC_039005_GPC,8802,21.667,9.9,22.3
NC_039005_NP,4777,26.050,0.095,28.9
NC_039005_NP,4701,26.050,0.095,28.9
NC_039005_NP,4760,28.846,0.75,26.6
NC_039005_NP,4684,28.846,0.75,26.6
NC_039005_NP,4778,23.158,2.8,23.5
KR870012_GPC,4775,25.926,7.4,22.7
KR870012_GPC,4699,25.926,7.4,22.7
KR870012_GPC,8802,21.667,9.9,22.3
KR870012_NP,4777,26.050,0.095,28.9
KR870012_NP,4701,26.050,0.095,28.9
KR870012_NP,4760,28.846,0.75,26.6
KR870012_NP,4684,28.846,0.75,26.6
KR870012_NP,4778,23.158,2.8,23.5
KR870013_GPC,4829,23.404,7.1,22.7
KR870013_GPC,4814,23.404,7.1,22.7
KR870013_GPC,4754,23.404,7.1,22.7
KR870013_GPC,4739,23.404,7.1,22.7
KR870013_GPC,4775,25.926,8.1,22.7
KR870013_NP,4777,26.050,0.15,28.1
KR870013_NP,4701,26.050,0.15,28.1
KR870013_NP,4760,28.846,0.71,26.6
KR870013_NP,4684,28.846,0.71,26.6
KR870013_NP,4778,23.158,1.5,24.3
KR870015_GPC,7688,30.000,0.74,25.8
KR870015_NP,4777,26.050,0.15,28.1
KR870015_NP,4701,26.050,0.15,28.1
KR870015_NP,4760,28.846,0.71,26.6
KR870015_NP,4684,28.846,0.71,26.6
KR870015_NP,4778,23.158,1.6,24.3
MH483026_glycoprotein-precursor,2758,31.818,0.57,26.6
MH483026_glycoprotein-precursor,5182,31.818,0.57,26.6
MH483026_glycoprotein-precursor,4774,34.884,0.91,25.8
MH483026_glycoprotein-precursor,4698,34.884,0.91,25.8
MH483026_glycoprotein-precursor,4806,25.581,2.2,24.6
MH483026_nucleoprotein,4775,35.088,0.66,26.6
MH483026_nucleoprotein,4775,21.333,1.6,25.4
MH483026_nucleoprotein,4699,35.088,0.66,26.6
MH483026_nucleoprotein,4699,21.333,1.6,25.4
MH483026_nucleoprotein,5559,21.667,2.8,24.3
MH483026_nucleoprotein,5556,21.667,2.8,24.3
MH483026_nucleoprotein,5156,21.739,5.8,23.5
NC_055442_glycoprotein-precursor,2758,31.818,0.57,26.6
NC_055442_glycoprotein-precursor,5182,31.818,0.57,26.6
NC_055442_glycoprotein-precursor,4774,34.884,0.91,25.8
NC_055442_glycoprotein-precursor,4698,34.884,0.91,25.8
NC_055442_glycoprotein-precursor,4806,25.581,2.2,24.6
NC_055442_nucleoprotein,4775,35.088,0.66,26.6
NC_055442_nucleoprotein,4775,21.333,1.6,25.4
NC_055442_nucleoprotein,4699,35.088,0.66,26.6
NC_055442_nucleoprotein,4699,21.333,1.6,25.4
NC_055442_nucleoprotein,5559,21.667,2.8,24.3
NC_055442_nucleoprotein,5556,21.667,2.8,24.3
NC_055442_nucleoprotein,5156,21.739,5.8,23.5
MH483029_glycoprotein-precursor,4774,47.619,2.2,24.6
MH483029_glycoprotein-precursor,4698,47.619,2.2,24.6
MH483029_glycoprotein-precursor,7153,25.424,6.1,23.1
MH483029_glycoprotein-precursor,7154,25.424,6.5,23.1
MH483029_nucleoprotein,7421,21.839,1.0,25.8
MH483029_nucleoprotein,4797,40.909,8.6,23.1
MH483029_nucleoprotein,4720,40.909,8.6,23.1
MH483024_glycoprotein-precursor,4774,47.619,2.2,24.6
MH483024_glycoprotein-precursor,4698,47.619,2.2,24.6
MH483024_glycoprotein-precursor,7153,25.424,6.1,23.1
MH483024_glycoprotein-precursor,7154,25.424,6.5,23.1
MH483024_nucleoprotein,7421,21.839,1.0,25.8
MH483024_nucleoprotein,4797,40.909,8.6,23.1
MH483024_nucleoprotein,4720,40.909,8.6,23.1
NC_055443_glycoprotein-precursor,4774,47.619,2.2,24.6
NC_055443_glycoprotein-precursor,4698,47.619,2.2,24.6
NC_055443_glycoprotein-precursor,7153,25.424,6.1,23.1
NC_055443_glycoprotein-precursor,7154,25.424,6.5,23.1
NC_055443_nucleoprotein,7421,21.839,1.0,25.8
NC_055443_nucleoprotein,4797,40.909,8.6,23.1
NC_055443_nucleoprotein,4720,40.909,8.6,23.1
NC_055445_glycoprotein-precursor,4821,25.000,4.8,23.1
NC_055445_glycoprotein-precursor,4746,25.000,4.8,23.1
NC_055445_glycoprotein-precursor,3185,38.889,7.0,21.9
NC_055445_glycoprotein-precursor,5884,31.707,9.4,22.3
NC_055445_glycoprotein-precursor,5878,31.707,9.4,22.3
NC_055445_nucleoprotein,4791,30.769,2.3,24.6
NC_055445_nucleoprotein,4716,30.769,2.3,24.6
NC_055445_nucleoprotein,8808,29.070,5.4,23.5
NC_055445_nucleoprotein,4797,61.111,6.3,23.5
NC_055445_nucleoprotein,4720,61.111,6.3,23.5
MH483031_glycoprotein-precursor,4821,25.000,4.8,23.1
MH483031_glycoprotein-precursor,4746,25.000,4.8,23.1
MH483031_glycoprotein-precursor,3185,38.889,7.0,21.9
MH483031_glycoprotein-precursor,5884,31.707,9.4,22.3
MH483031_glycoprotein-precursor,5878,31.707,9.4,22.3
MH483031_nucleoprotein,4791,30.769,2.3,24.6
MH483031_nucleoprotein,4716,30.769,2.3,24.6
MH483031_nucleoprotein,8808,29.070,5.4,23.5
MH483031_nucleoprotein,4797,61.111,6.3,23.5
MH483031_nucleoprotein,4720,61.111,6.3,23.5
MH483041_glycoprotein-precursor,4803,29.545,0.14,28.5
MH483041_glycoprotein-precursor,4728,29.545,0.14,28.5
MH483041_glycoprotein-precursor,4774,36.364,1.2,25.4
MH483041_glycoprotein-precursor,4698,36.364,1.2,25.4
MH483041_glycoprotein-precursor,3127,30.909,4.9,23.5
MH483041_nucleoprotein,5156,29.310,0.13,28.9
MH483041_nucleoprotein,4797,45.455,6.4,23.5
MH483041_nucleoprotein,4720,45.455,6.4,23.5
MH483043_glycoprotein-precursor,4821,25.000,5.5,23.1
MH483043_glycoprotein-precursor,4746,25.000,5.5,23.1
MH483043_glycoprotein-precursor,4803,22.680,6.4,23.1
MH483043_glycoprotein-precursor,4728,22.680,6.4,23.1
MH483043_nucleoprotein,5156,25.000,0.42,26.9
MH483043_nucleoprotein,4797,61.111,5.8,23.5
MH483043_nucleoprotein,4720,61.111,5.8,23.5
MH483043_nucleoprotein,4775,24.444,8.0,23.1
MH483043_nucleoprotein,4699,24.444,8.0,23.1
MN567048_glycoprotein-precursor,4784,23.529,0.094,28.9
MN567048_glycoprotein-precursor,4708,23.529,0.094,28.9
MN567048_glycoprotein-precursor,6645,23.729,1.3,25.4
MN567048_glycoprotein-precursor,4796,31.429,1.4,25.0
MN567048_glycoprotein-precursor,4722,31.429,1.4,25.0
MN567048_nucleoprotein,4781,32.500,0.085,29.6
MN567048_nucleoprotein,4705,32.500,0.085,29.6
MN567048_nucleoprotein,6647,29.787,5.3,23.5
MN567048_nucleoprotein,4806,60.000,6.3,23.5
MN567048_nucleoprotein,4731,60.000,6.3,23.5
MN567061_glycoprotein-precursor,3103,29.825,0.85,25.8
MN567061_glycoprotein-precursor,4762,28.302,2.5,24.3
MN567061_glycoprotein-precursor,4686,28.302,2.5,24.3
MN567061_glycoprotein-precursor,4784,28.947,3.9,23.9
MN567061_glycoprotein-precursor,4708,28.947,3.9,23.9
MN567061_nucleoprotein,4781,38.462,0.12,28.9
MN567061_nucleoprotein,4705,38.462,0.12,28.9
MN567061_nucleoprotein,4760,23.770,4.8,23.9
MN567061_nucleoprotein,4684,23.770,4.8,23.9
MN567061_nucleoprotein,4806,60.000,7.6,23.1
MN567062_RNA-dependent-RNA-polymerase,5155,22.500,3.4,26.2
MN567051_nucleoprotein,4775,27.143,0.080,29.3
MN567051_nucleoprotein,4775,27.143,0.080,29.3
MN567051_nucleoprotein,4699,27.143,0.080,29.3
MN567051_nucleoprotein,4699,27.143,0.080,29.3
MN567051_nucleoprotein,4762,26.761,0.31,26.9
MN567051_nucleoprotein,4686,26.761,0.31,26.9
MN567051_nucleoprotein,2852,43.478,0.44,26.9
MN567051_glycoprotein,6656,24.219,0.007,33.1
MN567051_glycoprotein,6648,36.735,0.026,31.2
MN567051_glycoprotein,3186,32.653,0.14,28.9
MN567051_glycoprotein,3363,28.750,1.7,25.4
MN567051_glycoprotein,5155,34.375,3.0,24.6
MH988742_delta-antigen,5182,28.261,3.0,22.7
MH988742_delta-antigen,2758,28.261,3.1,22.7
MH988742_delta-antigen,4829,27.174,6.0,21.6
MH988742_delta-antigen,4814,27.174,6.0,21.6
MH988742_delta-antigen,4754,27.174,6.0,21.6
