NC_018482_L-protein,8573,26.390,1.01e-120,423
NC_018482_L-protein,8573,23.926,3.5,29.6
NC_018482_L-protein,8569,26.390,1.01e-120,423
NC_018482_L-protein,8569,23.926,3.5,29.6
NC_018482_L-protein,8789,28.747,1.50e-114,404
NC_018482_L-protein,8789,24.516,5.17e-07,52.4
NC_018482_L-protein,8785,28.747,1.50e-114,404
NC_018482_L-protein,8785,24.516,5.17e-07,52.4
NC_018482_L-protein,8905,22.363,3.06e-04,43.1
NC_018483_glycoprotein,8616,27.737,1.77e-10,60.1
NC_018483_glycoprotein,5232,33.333,4.98e-10,58.5
NC_018483_glycoprotein,5233,32.895,6.91e-09,55.1
NC_018483_glycoprotein,6450,31.250,4.3,26.2
NC_018483_nucleoprotein,8571,29.138,9.12e-63,214
NC_018483_nucleoprotein,8567,29.138,9.12e-63,214
NC_018483_nucleoprotein,8787,26.792,1.17e-61,211
NC_018483_nucleoprotein,8783,26.792,1.17e-61,211
NC_018483_nucleoprotein,2686,28.205,0.13,32.3
JQ717263_L-protein,8573,26.390,1.01e-120,423
JQ717263_L-protein,8573,23.926,3.5,29.6
JQ717263_L-protein,8569,26.390,1.01e-120,423
JQ717263_L-protein,8569,23.926,3.5,29.6
JQ717263_L-protein,8789,28.747,1.50e-114,404
JQ717263_L-protein,8789,24.516,5.17e-07,52.4
JQ717263_L-protein,8785,28.747,1.50e-114,404
JQ717263_L-protein,8785,24.516,5.17e-07,52.4
JQ717263_L-protein,8905,22.363,3.06e-04,43.1
JQ717264_glycoprotein,8616,27.737,1.77e-10,60.1
JQ717264_glycoprotein,5232,33.333,4.98e-10,58.5
JQ717264_glycoprotein,5233,32.895,6.91e-09,55.1
JQ717264_glycoprotein,6450,31.250,4.3,26.2
JQ717264_nucleoprotein,8571,29.138,9.12e-63,214
JQ717264_nucleoprotein,8567,29.138,9.12e-63,214
JQ717264_nucleoprotein,8787,26.792,1.17e-61,211
JQ717264_nucleoprotein,8783,26.792,1.17e-61,211
JQ717264_nucleoprotein,2686,28.205,0.13,32.3
KC508670_Z-protein,167,20.690,7.2,23.5
KC508670_Z-protein,4832,30.189,9.5,23.1
KC508670_Z-protein,4831,30.189,9.5,23.1
KC508670_L-polymerase,8573,26.790,9.12e-117,410
KC508670_L-polymerase,8569,26.790,9.12e-117,410
KC508670_L-polymerase,8789,26.951,8.43e-115,404
KC508670_L-polymerase,8789,25.806,1.25e-05,47.8
KC508670_L-polymerase,8785,26.951,8.43e-115,404
KC508670_L-polymerase,8785,25.806,1.25e-05,47.8
KC508670_L-polymerase,8905,22.660,6.67e-04,42.0
NC_023761_glycoprotein,8616,23.256,2.30e-10,59.7
NC_023761_glycoprotein,5232,34.568,6.82e-10,58.2
NC_023761_glycoprotein,5233,34.211,5.71e-09,55.1
NC_023761_glycoprotein,4526,30.120,2.2,27.7
NC_023761_glycoprotein,7686,36.957,3.0,26.6
NC_023761_nucleocapsid-protein,8787,29.060,2.12e-62,213
NC_023761_nucleocapsid-protein,8783,29.060,2.12e-62,213
NC_023761_nucleocapsid-protein,8571,28.934,3.45e-61,209
NC_023761_nucleocapsid-protein,8567,28.934,3.45e-61,209
NC_023761_nucleocapsid-protein,2686,28.205,0.12,32.3
NC_023762_Z-protein,167,20.690,7.2,23.5
NC_023762_Z-protein,4832,30.189,9.5,23.1
NC_023762_Z-protein,4831,30.189,9.5,23.1
NC_023762_L-polymerase,8573,26.790,9.12e-117,410
NC_023762_L-polymerase,8569,26.790,9.12e-117,410
NC_023762_L-polymerase,8789,26.951,8.43e-115,404
NC_023762_L-polymerase,8789,25.806,1.25e-05,47.8
NC_023762_L-polymerase,8785,26.951,8.43e-115,404
NC_023762_L-polymerase,8785,25.806,1.25e-05,47.8
NC_023762_L-polymerase,8905,22.660,6.67e-04,42.0
KC508669_glycoprotein,8616,23.256,2.30e-10,59.7
KC508669_glycoprotein,5232,34.568,6.82e-10,58.2
KC508669_glycoprotein,5233,34.211,5.71e-09,55.1
KC508669_glycoprotein,4526,30.120,2.2,27.7
KC508669_glycoprotein,7686,36.957,3.0,26.6
KC508669_nucleocapsid-protein,8787,29.060,2.12e-62,213
KC508669_nucleocapsid-protein,8783,29.060,2.12e-62,213
KC508669_nucleocapsid-protein,8571,28.934,3.45e-61,209
KC508669_nucleocapsid-protein,8567,28.934,3.45e-61,209
KC508669_nucleocapsid-protein,2686,28.205,0.12,32.3
KF297880_glycoprotein,5232,31.522,2.76e-09,56.2
KF297880_glycoprotein,8616,27.206,3.91e-09,55.8
KF297880_glycoprotein,5233,28.125,1.27e-08,54.3
KF297880_glycoprotein,7423,28.571,0.32,30.4
KF297880_glycoprotein,419,24.691,5.2,26.2
KF297880_nucleoprotein,8571,30.070,4.16e-63,214
KF297880_nucleoprotein,8567,30.070,4.16e-63,214
KF297880_nucleoprotein,8787,29.472,6.96e-63,214
KF297880_nucleoprotein,8783,29.472,6.96e-63,214
KF297880_nucleoprotein,2686,28.205,0.15,32.0
KF297881_Z-protein,6459,47.368,4.7,21.9
KF297881_Z-protein,3409,47.619,7.8,22.7
KF297881_L-protein,8789,27.384,1.70e-104,371
KF297881_L-protein,8789,25.806,1.71e-05,47.4
KF297881_L-protein,8785,27.384,1.70e-104,371
KF297881_L-protein,8785,25.806,1.71e-05,47.4
KF297881_L-protein,8573,28.471,2.12e-86,313
KF297881_L-protein,8573,26.071,1.53e-23,106
KF297881_L-protein,8569,28.471,2.12e-86,313
KF297881_L-protein,8569,26.071,1.53e-23,106
KF297881_L-protein,8743,23.529,0.005,39.3
NC_023765_Z-protein,6459,47.368,4.7,21.9
NC_023765_Z-protein,3409,47.619,7.8,22.7
NC_023765_L-protein,8789,27.384,1.70e-104,371
NC_023765_L-protein,8789,25.806,1.71e-05,47.4
NC_023765_L-protein,8785,27.384,1.70e-104,371
NC_023765_L-protein,8785,25.806,1.71e-05,47.4
NC_023765_L-protein,8573,28.471,2.12e-86,313
NC_023765_L-protein,8573,26.071,1.53e-23,106
NC_023765_L-protein,8569,28.471,2.12e-86,313
NC_023765_L-protein,8569,26.071,1.53e-23,106
NC_023765_L-protein,8743,23.529,0.005,39.3
NC_023766_glycoprotein,5232,31.522,2.76e-09,56.2
NC_023766_glycoprotein,8616,27.206,3.91e-09,55.8
NC_023766_glycoprotein,5233,28.125,1.27e-08,54.3
NC_023766_glycoprotein,7423,28.571,0.32,30.4
NC_023766_glycoprotein,419,24.691,5.2,26.2
NC_023766_nucleoprotein,8571,30.070,4.16e-63,214
NC_023766_nucleoprotein,8567,30.070,4.16e-63,214
NC_023766_nucleoprotein,8787,29.472,6.96e-63,214
NC_023766_nucleoprotein,8783,29.472,6.96e-63,214
NC_023766_nucleoprotein,2686,28.205,0.15,32.0
NC_043443_RdRp,8573,32.888,2.35e-34,142
NC_043443_RdRp,8573,25.926,2.10e-08,57.0
NC_043443_RdRp,8569,32.888,2.35e-34,142
NC_043443_RdRp,8569,25.926,2.10e-08,57.0
NC_043443_RdRp,8789,27.817,1.54e-25,113
NC_043443_RdRp,8789,27.273,1.56e-10,63.9
NC_043443_RdRp,8785,27.817,1.54e-25,113
NC_043443_RdRp,8785,27.273,1.56e-10,63.9
NC_043443_RdRp,8743,21.530,0.006,38.9
NC_043444_GPC,8570,47.059,0.17,31.6
NC_043444_GPC,8566,47.059,0.17,31.6
NC_043444_GPC,4832,29.545,1.7,28.5
NC_043444_GPC,4831,29.545,1.7,28.5
NC_043444_GPC,13,48.148,2.5,27.7
NC_043444_NP,8787,21.812,2.50e-04,40.8
NC_043444_NP,8783,21.812,2.50e-04,40.8
NC_043444_NP,8571,20.847,0.081,32.7
NC_043444_NP,8567,20.847,0.081,32.7
NC_043444_NP,4144,47.619,1.1,28.9
NC_039005_GPC,8616,25.670,1.67e-10,60.1
NC_039005_GPC,5232,30.851,2.81e-09,56.2
NC_039005_GPC,5233,33.784,1.20e-08,54.3
NC_039005_GPC,7676,22.892,1.3,28.5
NC_039005_GPC,7686,36.957,1.9,26.9
NC_039005_NP,8571,29.260,9.50e-63,214
NC_039005_NP,8567,29.260,9.50e-63,214
NC_039005_NP,8787,27.645,2.99e-61,209
NC_039005_NP,8783,27.645,2.99e-61,209
NC_039005_NP,2686,25.641,0.24,31.2
KR870012_GPC,8616,25.670,1.67e-10,60.1
KR870012_GPC,5232,30.851,2.81e-09,56.2
KR870012_GPC,5233,33.784,1.20e-08,54.3
KR870012_GPC,7676,22.892,1.3,28.5
KR870012_GPC,7686,36.957,1.9,26.9
KR870012_NP,8571,29.260,9.50e-63,214
KR870012_NP,8567,29.260,9.50e-63,214
KR870012_NP,8787,27.645,2.99e-61,209
KR870012_NP,8783,27.645,2.99e-61,209
KR870012_NP,2686,25.641,0.24,31.2
KR870013_GPC,8616,29.197,6.01e-11,61.6
KR870013_GPC,5232,32.979,2.51e-10,59.7
KR870013_GPC,5233,34.211,3.13e-09,56.2
KR870013_GPC,7686,36.957,1.7,27.3
KR870013_GPC,7676,22.156,1.9,28.1
KR870013_NP,8571,29.310,1.13e-62,214
KR870013_NP,8567,29.310,1.13e-62,214
KR870013_NP,8787,27.740,2.65e-61,210
KR870013_NP,8783,27.740,2.65e-61,210
KR870013_NP,2686,25.641,0.25,31.2
KR870015_GPC,8616,26.437,4.28e-12,65.1
KR870015_GPC,5232,32.979,2.44e-10,59.7
KR870015_GPC,5233,34.211,3.02e-09,56.2
KR870015_GPC,7676,22.754,0.79,29.3
KR870015_GPC,7686,36.957,2.2,26.9
KR870015_NP,8571,29.310,2.85e-62,213
KR870015_NP,8567,29.310,2.85e-62,213
KR870015_NP,8787,27.740,1.28e-60,208
KR870015_NP,8783,27.740,1.28e-60,208
KR870015_NP,2686,25.641,0.24,31.2
MH483026_glycoprotein-precursor,8570,50.000,0.30,30.8
MH483026_glycoprotein-precursor,8566,50.000,0.30,30.8
MH483026_glycoprotein-precursor,5640,21.698,1.2,28.5
MH483026_glycoprotein-precursor,8786,44.444,1.5,28.5
MH483026_glycoprotein-precursor,8782,44.444,1.5,28.5
MH483026_nucleoprotein,8787,26.286,0.082,32.7
MH483026_nucleoprotein,8783,26.286,0.082,32.7
MH483026_nucleoprotein,4144,46.667,0.086,32.3
MH483026_nucleoprotein,8571,20.856,1.0,29.3
MH483026_nucleoprotein,8567,20.856,1.0,29.3
NC_055442_glycoprotein-precursor,8570,50.000,0.30,30.8
NC_055442_glycoprotein-precursor,8566,50.000,0.30,30.8
NC_055442_glycoprotein-precursor,5640,21.698,1.2,28.5
NC_055442_glycoprotein-precursor,8786,44.444,1.5,28.5
NC_055442_glycoprotein-precursor,8782,44.444,1.5,28.5
NC_055442_nucleoprotein,8787,26.286,0.082,32.7
NC_055442_nucleoprotein,8783,26.286,0.082,32.7
NC_055442_nucleoprotein,4144,46.667,0.086,32.3
NC_055442_nucleoprotein,8571,20.856,1.0,29.3
NC_055442_nucleoprotein,8567,20.856,1.0,29.3
MH483029_glycoprotein-precursor,8570,47.059,0.059,33.1
MH483029_glycoprotein-precursor,8566,47.059,0.059,33.1
MH483029_glycoprotein-precursor,4832,24.528,0.77,29.6
MH483029_glycoprotein-precursor,4831,24.528,0.77,29.6
MH483029_glycoprotein-precursor,3786,35.294,2.0,28.1
MH483029_nucleoprotein,8571,19.732,0.051,33.5
MH483029_nucleoprotein,8567,19.732,0.051,33.5
MH483029_nucleoprotein,67,27.660,0.65,30.0
MH483029_nucleoprotein,8787,20.748,0.71,30.0
MH483029_nucleoprotein,8783,20.748,0.71,30.0
MH483024_glycoprotein-precursor,8570,47.059,0.059,33.1
MH483024_glycoprotein-precursor,8566,47.059,0.059,33.1
MH483024_glycoprotein-precursor,4832,24.528,0.77,29.6
MH483024_glycoprotein-precursor,4831,24.528,0.77,29.6
MH483024_glycoprotein-precursor,3786,35.294,2.0,28.1
MH483024_nucleoprotein,8571,19.732,0.051,33.5
MH483024_nucleoprotein,8567,19.732,0.051,33.5
MH483024_nucleoprotein,67,27.660,0.65,30.0
MH483024_nucleoprotein,8787,20.748,0.71,30.0
MH483024_nucleoprotein,8783,20.748,0.71,30.0
NC_055443_glycoprotein-precursor,8570,47.059,0.059,33.1
NC_055443_glycoprotein-precursor,8566,47.059,0.059,33.1
NC_055443_glycoprotein-precursor,4832,24.528,0.77,29.6
NC_055443_glycoprotein-precursor,4831,24.528,0.77,29.6
NC_055443_glycoprotein-precursor,3786,35.294,2.0,28.1
NC_055443_nucleoprotein,8571,19.732,0.051,33.5
NC_055443_nucleoprotein,8567,19.732,0.051,33.5
NC_055443_nucleoprotein,67,27.660,0.65,30.0
NC_055443_nucleoprotein,8787,20.748,0.71,30.0
NC_055443_nucleoprotein,8783,20.748,0.71,30.0
NC_055445_glycoprotein-precursor,9032,30.357,0.85,29.3
NC_055445_glycoprotein-precursor,3786,26.761,1.2,28.9
NC_055445_glycoprotein-precursor,8570,41.935,2.4,27.7
NC_055445_glycoprotein-precursor,8566,41.935,2.4,27.7
NC_055445_glycoprotein-precursor,2924,32.727,3.4,27.3
NC_055445_nucleoprotein,8787,26.203,0.004,37.0
NC_055445_nucleoprotein,8783,26.203,0.004,37.0
NC_055445_nucleoprotein,8571,21.502,1.3,28.9
NC_055445_nucleoprotein,8567,21.502,1.3,28.9
NC_055445_nucleoprotein,3677,41.176,2.7,28.1
MH483031_glycoprotein-precursor,9032,30.357,0.85,29.3
MH483031_glycoprotein-precursor,3786,26.761,1.2,28.9
MH483031_glycoprotein-precursor,8570,41.935,2.4,27.7
MH483031_glycoprotein-precursor,8566,41.935,2.4,27.7
MH483031_glycoprotein-precursor,2924,32.727,3.4,27.3
MH483031_nucleoprotein,8787,26.203,0.004,37.0
MH483031_nucleoprotein,8783,26.203,0.004,37.0
MH483031_nucleoprotein,8571,21.502,1.3,28.9
MH483031_nucleoprotein,8567,21.502,1.3,28.9
MH483031_nucleoprotein,3677,41.176,2.7,28.1
MH483041_glycoprotein-precursor,8570,50.000,0.17,31.6
MH483041_glycoprotein-precursor,8566,50.000,0.17,31.6
MH483041_glycoprotein-precursor,9034,30.357,1.9,28.1
MH483041_glycoprotein-precursor,194,34.375,2.2,27.7
MH483041_glycoprotein-precursor,3281,26.786,2.3,28.1
MH483041_nucleoprotein,8787,24.497,1.01e-05,45.4
MH483041_nucleoprotein,8783,24.497,1.01e-05,45.4
MH483041_nucleoprotein,8571,20.847,0.097,32.7
MH483041_nucleoprotein,8567,20.847,0.097,32.7
MH483041_nucleoprotein,7184,26.136,1.2,28.9
MH483043_glycoprotein-precursor,3786,29.577,0.38,30.4
MH483043_glycoprotein-precursor,9032,28.000,0.49,30.0
MH483043_glycoprotein-precursor,8570,46.154,0.69,29.6
MH483043_glycoprotein-precursor,8566,46.154,0.69,29.6
MH483043_glycoprotein-precursor,2924,28.409,0.97,28.9
MH483043_nucleoprotein,8787,25.532,8.79e-05,42.4
MH483043_nucleoprotein,8783,25.532,8.79e-05,42.4
MH483043_nucleoprotein,3234,28.814,2.1,28.5
MH483043_nucleoprotein,2605,36.842,3.3,27.7
MH483043_nucleoprotein,3437,36.842,3.4,27.7
MN567048_glycoprotein-precursor,8786,28.889,0.013,35.0
MN567048_glycoprotein-precursor,8782,28.889,0.013,35.0
MN567048_glycoprotein-precursor,8570,50.000,0.031,33.9
MN567048_glycoprotein-precursor,8566,50.000,0.031,33.9
MN567048_glycoprotein-precursor,7483,36.364,0.25,31.2
MN567048_nucleoprotein,8787,26.421,2.76e-11,63.2
MN567048_nucleoprotein,8783,26.421,2.76e-11,63.2
MN567048_nucleoprotein,8571,25.263,2.29e-05,44.3
MN567048_nucleoprotein,8567,25.263,2.29e-05,44.3
MN567048_nucleoprotein,6122,32.692,1.5,28.9
MN567061_glycoprotein-precursor,8786,32.222,0.002,37.7
MN567061_glycoprotein-precursor,8782,32.222,0.002,37.7
MN567061_glycoprotein-precursor,8570,50.000,0.021,34.3
MN567061_glycoprotein-precursor,8566,50.000,0.021,34.3
MN567061_glycoprotein-precursor,821,31.667,3.1,27.7
MN567061_nucleoprotein,8787,22.410,1.53e-09,57.8
MN567061_nucleoprotein,8783,22.410,1.53e-09,57.8
MN567061_nucleoprotein,8571,24.126,8.36e-04,39.3
MN567061_nucleoprotein,8567,24.126,8.36e-04,39.3
MN567061_nucleoprotein,6122,28.571,3.6,27.7
MN567062_RNA-dependent-RNA-polymerase,8573,32.609,2.55e-31,132
MN567062_RNA-dependent-RNA-polymerase,8573,26.496,1.17e-04,44.3
MN567062_RNA-dependent-RNA-polymerase,8569,32.609,2.55e-31,132
MN567062_RNA-dependent-RNA-polymerase,8569,26.496,1.17e-04,44.3
MN567062_RNA-dependent-RNA-polymerase,8789,30.667,1.62e-30,129
MN567062_RNA-dependent-RNA-polymerase,8789,26.289,1.01e-11,67.8
MN567062_RNA-dependent-RNA-polymerase,8785,30.667,1.62e-30,129
MN567062_RNA-dependent-RNA-polymerase,8785,26.289,1.01e-11,67.8
MN567062_RNA-dependent-RNA-polymerase,8905,23.714,2.37e-04,43.5
MN567051_nucleoprotein,5617,38.710,1.6,26.9
MN567051_nucleoprotein,6972,28.378,2.7,27.7
MN567051_nucleoprotein,5826,47.059,8.3,26.2
MN567051_nucleoprotein,186,29.091,8.5,26.2
MN567051_glycoprotein,5523,25.490,1.8,28.9
MN567051_glycoprotein,5512,25.490,2.7,28.5
MN567051_glycoprotein,3740,33.333,4.6,27.3
MN567051_glycoprotein,2694,32.653,6.8,26.9
MN567051_glycoprotein,9473,27.419,7.1,26.9
MN567051_RNA-dependent-RNA-polymerase,7510,21.410,5.54e-32,134
MN567051_RNA-dependent-RNA-polymerase,7505,21.410,5.54e-32,134
MN567051_RNA-dependent-RNA-polymerase,3037,22.069,7.68e-25,110
MN567051_RNA-dependent-RNA-polymerase,3032,22.069,7.68e-25,110
MN567051_RNA-dependent-RNA-polymerase,3830,20.625,1.72e-11,67.0
MH988742_delta-antigen,9387,22.222,0.30,29.3
MH988742_delta-antigen,6684,22.222,0.34,28.9
MH988742_delta-antigen,9380,25.532,1.0,27.3
MH988742_delta-antigen,9376,25.532,1.0,27.3
MH988742_delta-antigen,9515,32.609,1.2,26.9
