NC_018482_Z-protein,4515,37.255,2.8,22.7
NC_018482_Z-protein,9210,30.000,2.9,22.3
NC_018482_Z-protein,9201,30.000,2.9,22.3
NC_018482_Z-protein,9135,30.000,2.9,22.3
NC_018482_Z-protein,9126,30.000,2.9,22.3
NC_018482_L-protein,5480,26.966,0.18,31.6
NC_018482_L-protein,2962,24.510,4.8,26.9
NC_018482_L-protein,2932,24.510,4.8,26.9
NC_018482_L-protein,4013,30.645,6.2,26.6
NC_018482_L-protein,3934,30.645,6.2,26.6
NC_018483_glycoprotein,3754,35.385,0.93,26.9
NC_018483_glycoprotein,3741,35.385,0.93,26.9
NC_018483_glycoprotein,3758,35.385,0.95,26.6
NC_018483_glycoprotein,3749,35.385,0.95,26.6
NC_018483_glycoprotein,217,27.692,2.6,25.4
NC_018483_nucleoprotein,5839,26.531,0.47,28.5
NC_018483_nucleoprotein,4258,26.531,0.47,28.5
NC_018483_nucleoprotein,7040,31.818,4.5,24.6
NC_018483_nucleoprotein,7031,31.818,4.5,24.6
NC_018483_nucleoprotein,4283,34.375,5.8,25.0
JQ717263_L-protein,5480,26.966,0.18,31.6
JQ717263_L-protein,2962,24.510,4.8,26.9
JQ717263_L-protein,2932,24.510,4.8,26.9
JQ717263_L-protein,4013,30.645,6.2,26.6
JQ717263_L-protein,3934,30.645,6.2,26.6
JQ717263_Z-protein,4515,37.255,2.8,22.7
JQ717263_Z-protein,9210,30.000,2.9,22.3
JQ717263_Z-protein,9201,30.000,2.9,22.3
JQ717263_Z-protein,9135,30.000,2.9,22.3
JQ717263_Z-protein,9126,30.000,2.9,22.3
JQ717264_glycoprotein,3754,35.385,0.93,26.9
JQ717264_glycoprotein,3741,35.385,0.93,26.9
JQ717264_glycoprotein,3758,35.385,0.95,26.6
JQ717264_glycoprotein,3749,35.385,0.95,26.6
JQ717264_glycoprotein,217,27.692,2.6,25.4
JQ717264_nucleoprotein,5839,26.531,0.47,28.5
JQ717264_nucleoprotein,4258,26.531,0.47,28.5
JQ717264_nucleoprotein,7040,31.818,4.5,24.6
JQ717264_nucleoprotein,7031,31.818,4.5,24.6
JQ717264_nucleoprotein,4283,34.375,5.8,25.0
KC508670_Z-protein,4515,37.255,2.7,22.7
KC508670_Z-protein,9210,30.000,3.1,22.3
KC508670_Z-protein,9201,30.000,3.1,22.3
KC508670_Z-protein,9135,30.000,3.1,22.3
KC508670_Z-protein,9126,30.000,3.1,22.3
KC508670_L-polymerase,4039,32.075,4.1,27.3
KC508670_L-polymerase,3960,32.075,4.1,27.3
KC508670_L-polymerase,4061,24.615,4.6,27.3
KC508670_L-polymerase,3982,24.615,4.6,27.3
KC508670_L-polymerase,9153,42.424,5.5,26.6
NC_023761_glycoprotein,3754,35.385,0.84,26.9
NC_023761_glycoprotein,3741,35.385,0.84,26.9
NC_023761_glycoprotein,3758,35.385,0.99,26.2
NC_023761_glycoprotein,3749,35.385,0.99,26.2
NC_023761_glycoprotein,5461,22.973,2.3,25.8
NC_023761_nucleocapsid-protein,9189,28.261,1.2,26.9
NC_023761_nucleocapsid-protein,9115,28.261,1.2,26.9
NC_023761_nucleocapsid-protein,4025,66.667,6.0,23.1
NC_023761_nucleocapsid-protein,3947,66.667,6.0,23.1
NC_023761_nucleocapsid-protein,4555,46.667,7.6,23.1
NC_023762_Z-protein,4515,37.255,2.7,22.7
NC_023762_Z-protein,9210,30.000,3.1,22.3
NC_023762_Z-protein,9201,30.000,3.1,22.3
NC_023762_Z-protein,9135,30.000,3.1,22.3
NC_023762_Z-protein,9126,30.000,3.1,22.3
NC_023762_L-polymerase,4039,32.075,4.1,27.3
NC_023762_L-polymerase,3960,32.075,4.1,27.3
NC_023762_L-polymerase,4061,24.615,4.6,27.3
NC_023762_L-polymerase,3982,24.615,4.6,27.3
NC_023762_L-polymerase,9153,42.424,5.5,26.6
KC508669_glycoprotein,3754,35.385,0.84,26.9
KC508669_glycoprotein,3741,35.385,0.84,26.9
KC508669_glycoprotein,3758,35.385,0.99,26.2
KC508669_glycoprotein,3749,35.385,0.99,26.2
KC508669_glycoprotein,5461,22.973,2.3,25.8
KC508669_nucleocapsid-protein,9189,28.261,1.2,26.9
KC508669_nucleocapsid-protein,9115,28.261,1.2,26.9
KC508669_nucleocapsid-protein,4025,66.667,6.0,23.1
KC508669_nucleocapsid-protein,3947,66.667,6.0,23.1
KC508669_nucleocapsid-protein,4555,46.667,7.6,23.1
KF297880_glycoprotein,279,19.149,2.4,25.4
KF297880_glycoprotein,7623,29.412,9.2,23.1
KF297880_nucleoprotein,4555,60.000,0.38,26.9
KF297880_nucleoprotein,4545,60.000,0.38,26.9
KF297880_nucleoprotein,4550,60.000,1.5,26.9
KF297880_nucleoprotein,4537,60.000,1.5,26.9
KF297880_nucleoprotein,5839,22.917,1.6,26.6
KF297881_Z-protein,4515,37.255,2.7,22.7
KF297881_Z-protein,9210,30.000,3.2,22.3
KF297881_Z-protein,9201,30.000,3.2,22.3
KF297881_Z-protein,9135,30.000,3.2,22.3
KF297881_Z-protein,9126,30.000,3.2,22.3
KF297881_L-protein,4039,27.612,1.8,28.5
KF297881_L-protein,3960,27.612,1.8,28.5
KF297881_L-protein,3754,44.000,5.5,26.9
KF297881_L-protein,3741,44.000,5.5,26.9
KF297881_L-protein,4013,30.645,6.2,26.6
NC_023765_Z-protein,4515,37.255,2.7,22.7
NC_023765_Z-protein,9210,30.000,3.2,22.3
NC_023765_Z-protein,9201,30.000,3.2,22.3
NC_023765_Z-protein,9135,30.000,3.2,22.3
NC_023765_Z-protein,9126,30.000,3.2,22.3
NC_023765_L-protein,4039,27.612,1.8,28.5
NC_023765_L-protein,3960,27.612,1.8,28.5
NC_023765_L-protein,3754,44.000,5.5,26.9
NC_023765_L-protein,3741,44.000,5.5,26.9
NC_023765_L-protein,4013,30.645,6.2,26.6
NC_023766_glycoprotein,279,19.149,2.4,25.4
NC_023766_glycoprotein,7623,29.412,9.2,23.1
NC_023766_nucleoprotein,4555,60.000,0.38,26.9
NC_023766_nucleoprotein,4545,60.000,0.38,26.9
NC_023766_nucleoprotein,4550,60.000,1.5,26.9
NC_023766_nucleoprotein,4537,60.000,1.5,26.9
NC_023766_nucleoprotein,5839,22.917,1.6,26.6
NC_043443_RdRp,3046,27.143,0.10,32.7
NC_043443_RdRp,3044,27.143,0.10,32.7
NC_043443_RdRp,4021,24.348,0.70,29.6
NC_043443_RdRp,3942,24.348,0.70,29.6
NC_043443_RdRp,4508,21.488,1.5,28.9
NC_043444_GPC,5253,26.042,0.23,28.9
NC_043444_GPC,275,45.000,4.6,24.6
NC_043444_GPC,9164,29.032,7.4,24.3
NC_043444_GPC,9090,29.032,7.4,24.3
NC_043444_GPC,2519,44.828,8.0,23.9
NC_043444_NP,5244,38.462,1.6,26.2
NC_043444_NP,5265,28.319,5.5,24.6
NC_043444_NP,2523,41.379,7.2,24.3
NC_043444_NP,4283,40.741,7.6,24.6
NC_039005_GPC,5461,23.776,0.90,26.9
NC_039005_GPC,5460,23.776,0.90,26.9
NC_039005_GPC,3754,35.385,0.90,26.9
NC_039005_GPC,3741,35.385,0.90,26.9
NC_039005_GPC,3758,35.385,1.0,26.2
NC_039005_NP,5839,25.000,0.43,28.5
NC_039005_NP,4258,25.000,0.43,28.5
NC_039005_NP,4025,66.667,6.4,23.1
NC_039005_NP,3947,66.667,6.4,23.1
NC_039005_NP,4283,32.258,8.6,24.3
KR870012_GPC,5461,23.776,0.90,26.9
KR870012_GPC,5460,23.776,0.90,26.9
KR870012_GPC,3754,35.385,0.90,26.9
KR870012_GPC,3741,35.385,0.90,26.9
KR870012_GPC,3758,35.385,1.0,26.2
KR870012_NP,5839,25.000,0.43,28.5
KR870012_NP,4258,25.000,0.43,28.5
KR870012_NP,4025,66.667,6.4,23.1
KR870012_NP,3947,66.667,6.4,23.1
KR870012_NP,4283,32.258,8.6,24.3
KR870013_GPC,3754,35.385,0.77,27.3
KR870013_GPC,3741,35.385,0.77,27.3
KR870013_GPC,3758,35.385,0.84,26.6
KR870013_GPC,3749,35.385,0.84,26.6
KR870013_GPC,217,26.957,1.1,26.6
KR870013_NP,5839,23.333,2.0,26.6
KR870013_NP,4258,23.333,2.0,26.6
KR870013_NP,4025,66.667,6.6,23.1
KR870013_NP,3947,66.667,6.6,23.1
KR870013_NP,243,25.000,8.1,23.5
KR870015_GPC,3754,35.385,0.86,26.9
KR870015_GPC,3741,35.385,0.86,26.9
KR870015_GPC,3758,35.385,0.96,26.6
KR870015_GPC,3749,35.385,0.96,26.6
KR870015_GPC,217,30.769,0.96,26.9
KR870015_NP,5839,23.333,2.0,26.6
KR870015_NP,4258,23.333,2.0,26.6
KR870015_NP,4025,66.667,6.6,23.1
KR870015_NP,3947,66.667,6.6,23.1
KR870015_NP,4283,32.258,8.6,24.3
MH483026_glycoprotein-precursor,261,36.667,6.4,24.3
MH483026_nucleoprotein,2964,21.739,2.2,26.2
MH483026_nucleoprotein,2934,21.739,2.2,26.2
MH483026_nucleoprotein,5253,26.667,7.0,24.6
NC_055442_glycoprotein-precursor,261,36.667,6.4,24.3
NC_055442_nucleoprotein,2964,21.739,2.2,26.2
NC_055442_nucleoprotein,2934,21.739,2.2,26.2
NC_055442_nucleoprotein,5253,26.667,7.0,24.6
MH483029_glycoprotein-precursor,3047,32.203,1.6,26.2
MH483029_glycoprotein-precursor,3045,32.203,1.6,26.2
MH483029_glycoprotein-precursor,9164,25.000,2.9,25.4
MH483029_glycoprotein-precursor,9090,25.000,2.9,25.4
MH483029_glycoprotein-precursor,261,37.931,3.5,25.0
MH483029_nucleoprotein,5244,45.833,8.5,23.9
MH483024_glycoprotein-precursor,3047,32.203,1.6,26.2
MH483024_glycoprotein-precursor,3045,32.203,1.6,26.2
MH483024_glycoprotein-precursor,9164,25.000,2.9,25.4
MH483024_glycoprotein-precursor,9090,25.000,2.9,25.4
MH483024_glycoprotein-precursor,261,37.931,3.5,25.0
MH483024_nucleoprotein,5244,45.833,8.5,23.9
NC_055443_glycoprotein-precursor,3047,32.203,1.6,26.2
NC_055443_glycoprotein-precursor,3045,32.203,1.6,26.2
NC_055443_glycoprotein-precursor,9164,25.000,2.9,25.4
NC_055443_glycoprotein-precursor,9090,25.000,2.9,25.4
NC_055443_glycoprotein-precursor,261,37.931,3.5,25.0
NC_055443_nucleoprotein,5244,45.833,8.5,23.9
NC_055445_glycoprotein-precursor,5268,27.660,8.5,23.9
NC_055445_glycoprotein-precursor,3046,27.778,9.0,23.9
NC_055445_glycoprotein-precursor,3044,27.778,9.0,23.9
NC_055445_nucleoprotein,5244,50.000,9.2,23.5
NC_055445_nucleoprotein,219,30.435,9.7,24.3
MH483031_glycoprotein-precursor,5268,27.660,8.5,23.9
MH483031_glycoprotein-precursor,3046,27.778,9.0,23.9
MH483031_glycoprotein-precursor,3044,27.778,9.0,23.9
MH483031_nucleoprotein,5244,50.000,9.2,23.5
MH483031_nucleoprotein,219,30.435,9.7,24.3
MH483041_glycoprotein-precursor,3047,28.333,5.4,24.6
MH483041_glycoprotein-precursor,3045,28.333,5.4,24.6
MH483041_glycoprotein-precursor,9164,32.258,5.8,24.6
MH483041_glycoprotein-precursor,9090,32.258,5.8,24.6
MH483041_glycoprotein-precursor,5205,30.769,7.4,23.9
MH483041_nucleoprotein,5244,38.462,1.7,25.8
MH483041_nucleoprotein,5265,29.204,2.2,26.2
MH483041_nucleoprotein,2523,41.379,7.2,24.3
MH483041_nucleoprotein,4283,40.741,7.9,24.3
MH483043_glycoprotein-precursor,4521,30.000,3.2,25.4
MH483043_glycoprotein-precursor,4515,30.000,4.4,25.0
MH483043_glycoprotein-precursor,5268,31.915,7.0,24.3
MH483043_glycoprotein-precursor,275,36.667,9.2,23.9
MH483043_nucleoprotein,5259,38.889,2.2,26.2
MN567048_glycoprotein-precursor,3754,44.828,0.88,27.3
MN567048_glycoprotein-precursor,3741,44.828,0.88,27.3
MN567048_glycoprotein-precursor,3757,44.828,1.2,26.2
MN567048_glycoprotein-precursor,3747,44.828,1.2,26.2
MN567048_glycoprotein-precursor,3046,21.839,4.4,25.0
MN567048_nucleoprotein,7046,20.930,2.5,26.2
MN567048_nucleoprotein,7037,20.930,2.5,26.2
MN567048_nucleoprotein,4005,30.000,3.2,25.8
MN567048_nucleoprotein,3926,30.000,3.2,25.8
MN567061_glycoprotein-precursor,3047,31.746,4.2,25.0
MN567061_glycoprotein-precursor,3045,31.746,4.2,25.0
MN567061_glycoprotein-precursor,4508,64.286,5.8,24.6
MN567061_glycoprotein-precursor,4030,28.000,9.8,23.9
MN567061_glycoprotein-precursor,3946,28.000,9.8,23.9
MN567061_nucleoprotein,4005,28.205,4.3,25.4
MN567061_nucleoprotein,3926,28.205,4.3,25.4
MN567061_nucleoprotein,238,30.612,5.5,25.0
MN567061_nucleoprotein,7028,29.851,6.9,24.6
MN567061_nucleoprotein,7018,29.851,6.9,24.6
MN567062_RNA-dependent-RNA-polymerase,3046,25.714,0.12,32.3
MN567062_RNA-dependent-RNA-polymerase,3044,25.714,0.12,32.3
MN567062_RNA-dependent-RNA-polymerase,4295,25.532,3.6,26.9
MN567062_RNA-dependent-RNA-polymerase,4282,25.532,3.8,26.6
MN567062_RNA-dependent-RNA-polymerase,4270,25.000,4.2,27.3
MN567051_nucleoprotein,4003,25.397,0.17,29.6
MN567051_nucleoprotein,3924,25.397,0.17,29.6
MN567051_nucleoprotein,217,22.857,0.26,28.9
MN567051_nucleoprotein,5274,35.135,1.8,26.2
MN567051_nucleoprotein,6986,28.846,5.2,24.6
MN567051_glycoprotein,5268,29.524,0.045,31.6
MN567051_glycoprotein,5483,27.473,0.071,31.2
MN567051_glycoprotein,6640,28.571,0.090,30.8
MN567051_glycoprotein,4576,33.333,1.2,26.6
MN567051_glycoprotein,4567,33.333,1.2,26.6
MN567051_RNA-dependent-RNA-polymerase,7028,21.512,9.49e-25,108
MN567051_RNA-dependent-RNA-polymerase,7018,21.512,9.49e-25,108
MN567051_RNA-dependent-RNA-polymerase,7046,21.120,3.04e-22,100
MN567051_RNA-dependent-RNA-polymerase,7037,21.120,3.04e-22,100
MN567051_RNA-dependent-RNA-polymerase,6986,20.311,1.79e-18,87.8
MH988742_delta-antigen,2531,26.667,1.4,24.6
MH988742_delta-antigen,2537,52.941,6.0,22.7
