NC_018482_Z-protein,3377,28.947,5.5,20.4
NC_018482_Z-protein,4238,28.947,5.7,20.4
NC_018482_Z-protein,5536,28.947,6.9,20.4
NC_018482_Z-protein,4232,28.947,6.9,20.4
NC_018482_Z-protein,4255,42.105,9.3,20.0
NC_018482_L-protein,4305,28.945,8.51e-118,410
NC_018482_L-protein,4305,24.427,0.017,33.9
NC_018482_L-protein,4300,28.945,8.51e-118,410
NC_018482_L-protein,4300,24.427,0.017,33.9
NC_018482_L-protein,4073,26.549,0.030,33.1
NC_018482_L-protein,580,55.000,4.9,25.4
NC_018483_glycoprotein,8812,22.222,1.3,25.0
NC_018483_glycoprotein,4256,33.333,2.9,23.9
NC_018483_glycoprotein,8813,37.500,3.5,23.5
NC_018483_glycoprotein,4074,38.000,7.5,22.7
NC_018483_nucleoprotein,4303,27.013,8.80e-62,208
NC_018483_nucleoprotein,4299,27.013,8.80e-62,208
NC_018483_nucleoprotein,6735,24.561,3.6,24.3
NC_018483_nucleoprotein,6721,24.561,3.6,24.3
NC_018483_nucleoprotein,6745,36.667,5.9,23.1
JQ717263_L-protein,4305,28.945,8.51e-118,410
JQ717263_L-protein,4305,24.427,0.017,33.9
JQ717263_L-protein,4300,28.945,8.51e-118,410
JQ717263_L-protein,4300,24.427,0.017,33.9
JQ717263_L-protein,4073,26.549,0.030,33.1
JQ717263_L-protein,580,55.000,4.9,25.4
JQ717263_Z-protein,3377,28.947,5.5,20.4
JQ717263_Z-protein,4238,28.947,5.7,20.4
JQ717263_Z-protein,5536,28.947,6.9,20.4
JQ717263_Z-protein,4232,28.947,6.9,20.4
JQ717263_Z-protein,4255,42.105,9.3,20.0
JQ717264_glycoprotein,8812,22.222,1.3,25.0
JQ717264_glycoprotein,4256,33.333,2.9,23.9
JQ717264_glycoprotein,8813,37.500,3.5,23.5
JQ717264_glycoprotein,4074,38.000,7.5,22.7
JQ717264_nucleoprotein,4303,27.013,8.80e-62,208
JQ717264_nucleoprotein,4299,27.013,8.80e-62,208
JQ717264_nucleoprotein,6735,24.561,3.6,24.3
JQ717264_nucleoprotein,6721,24.561,3.6,24.3
JQ717264_nucleoprotein,6745,36.667,5.9,23.1
KC508670_Z-protein,4255,42.105,9.3,20.0
KC508670_Z-protein,4254,42.105,9.3,20.0
KC508670_L-polymerase,4305,26.390,5.45e-117,408
KC508670_L-polymerase,4305,26.718,0.004,35.8
KC508670_L-polymerase,4300,26.390,5.45e-117,408
KC508670_L-polymerase,4300,26.718,0.004,35.8
KC508670_L-polymerase,4073,26.549,0.037,32.7
KC508670_L-polymerase,4073,37.209,6.0,25.4
KC508670_L-polymerase,5431,25.620,0.44,29.3
NC_023761_glycoprotein,5181,24.719,0.58,26.2
NC_023761_glycoprotein,5759,23.596,0.89,25.8
NC_023761_glycoprotein,5758,23.596,0.89,25.8
NC_023761_glycoprotein,4256,25.000,2.9,23.9
NC_023761_glycoprotein,4317,38.235,4.5,23.5
NC_023761_nucleocapsid-protein,4303,28.889,5.88e-63,211
NC_023761_nucleocapsid-protein,4299,28.889,5.88e-63,211
NC_023761_nucleocapsid-protein,4316,27.778,0.47,26.9
NC_023761_nucleocapsid-protein,4317,27.778,0.52,26.9
NC_023761_nucleocapsid-protein,4317,27.027,9.6,22.7
NC_023761_nucleocapsid-protein,4306,27.778,0.52,26.9
NC_023761_nucleocapsid-protein,4306,27.027,9.6,22.7
NC_023762_Z-protein,4255,42.105,9.3,20.0
NC_023762_Z-protein,4254,42.105,9.3,20.0
NC_023762_L-polymerase,4305,26.390,5.45e-117,408
NC_023762_L-polymerase,4305,26.718,0.004,35.8
NC_023762_L-polymerase,4300,26.390,5.45e-117,408
NC_023762_L-polymerase,4300,26.718,0.004,35.8
NC_023762_L-polymerase,4073,26.549,0.037,32.7
NC_023762_L-polymerase,4073,37.209,6.0,25.4
NC_023762_L-polymerase,5431,25.620,0.44,29.3
KC508669_glycoprotein,5181,24.719,0.58,26.2
KC508669_glycoprotein,5759,23.596,0.89,25.8
KC508669_glycoprotein,5758,23.596,0.89,25.8
KC508669_glycoprotein,4256,25.000,2.9,23.9
KC508669_glycoprotein,4317,38.235,4.5,23.5
KC508669_nucleocapsid-protein,4303,28.889,5.88e-63,211
KC508669_nucleocapsid-protein,4299,28.889,5.88e-63,211
KC508669_nucleocapsid-protein,4316,27.778,0.47,26.9
KC508669_nucleocapsid-protein,4317,27.778,0.52,26.9
KC508669_nucleocapsid-protein,4317,27.027,9.6,22.7
KC508669_nucleocapsid-protein,4306,27.778,0.52,26.9
KC508669_nucleocapsid-protein,4306,27.027,9.6,22.7
KF297880_glycoprotein,4327,19.286,0.30,26.9
KF297880_glycoprotein,4302,31.579,3.8,23.5
KF297880_glycoprotein,4298,31.579,3.8,23.5
KF297880_glycoprotein,4305,27.500,4.4,23.5
KF297880_glycoprotein,4300,27.500,4.4,23.5
KF297880_nucleoprotein,4303,29.123,1.59e-64,216
KF297880_nucleoprotein,4299,29.123,1.59e-64,216
KF297880_nucleoprotein,5851,29.630,3.8,24.3
KF297880_nucleoprotein,4257,29.630,3.8,24.3
KF297880_nucleoprotein,4327,26.667,5.8,23.5
KF297881_Z-protein,4255,42.105,9.3,20.0
KF297881_Z-protein,4254,42.105,9.3,20.0
KF297881_L-protein,4305,25.254,1.56e-108,380
KF297881_L-protein,4305,26.718,0.006,35.4
KF297881_L-protein,4300,25.254,1.56e-108,380
KF297881_L-protein,4300,26.718,0.006,35.4
KF297881_L-protein,4073,37.209,2.1,26.9
KF297881_L-protein,580,33.333,7.3,25.0
KF297881_L-protein,5851,25.714,9.5,24.6
NC_023765_Z-protein,4255,42.105,9.3,20.0
NC_023765_Z-protein,4254,42.105,9.3,20.0
NC_023765_L-protein,4305,25.254,1.56e-108,380
NC_023765_L-protein,4305,26.718,0.006,35.4
NC_023765_L-protein,4300,25.254,1.56e-108,380
NC_023765_L-protein,4300,26.718,0.006,35.4
NC_023765_L-protein,4073,37.209,2.1,26.9
NC_023765_L-protein,580,33.333,7.3,25.0
NC_023765_L-protein,5851,25.714,9.5,24.6
NC_023766_glycoprotein,4327,19.286,0.30,26.9
NC_023766_glycoprotein,4302,31.579,3.8,23.5
NC_023766_glycoprotein,4298,31.579,3.8,23.5
NC_023766_glycoprotein,4305,27.500,4.4,23.5
NC_023766_glycoprotein,4300,27.500,4.4,23.5
NC_023766_nucleoprotein,4303,29.123,1.59e-64,216
NC_023766_nucleoprotein,4299,29.123,1.59e-64,216
NC_023766_nucleoprotein,5851,29.630,3.8,24.3
NC_023766_nucleoprotein,4257,29.630,3.8,24.3
NC_023766_nucleoprotein,4327,26.667,5.8,23.5
NC_043443_RdRp,4305,32.439,6.57e-34,137
NC_043443_RdRp,4305,23.445,2.60e-07,49.7
NC_043443_RdRp,4300,32.439,6.57e-34,137
NC_043443_RdRp,4300,23.445,2.60e-07,49.7
NC_043443_RdRp,4317,33.333,0.73,28.5
NC_043443_RdRp,4306,33.333,0.73,28.5
NC_043443_RdRp,4073,22.772,2.2,26.9
NC_043443_RdRp,4073,30.357,3.8,26.2
NC_043444_GPC,6947,28.571,0.15,28.1
NC_043444_GPC,4302,44.444,0.85,25.8
NC_043444_GPC,4298,44.444,0.85,25.8
NC_043444_GPC,4316,27.368,5.2,23.5
NC_043444_GPC,4317,27.368,6.1,23.1
NC_043444_NP,4303,24.444,2.83e-05,40.4
NC_043444_NP,4299,24.444,2.83e-05,40.4
NC_043444_NP,5134,40.000,0.12,27.7
NC_043444_NP,577,47.059,1.4,24.6
NC_043444_NP,5759,37.037,6.3,23.5
NC_039005_GPC,4305,36.957,2.2,24.3
NC_039005_GPC,4300,36.957,2.2,24.3
NC_039005_GPC,4317,37.209,4.8,23.5
NC_039005_GPC,4306,37.209,4.8,23.5
NC_039005_GPC,4256,45.455,6.6,22.7
NC_039005_NP,4303,26.644,3.92e-64,214
NC_039005_NP,4299,26.644,3.92e-64,214
NC_039005_NP,4256,52.941,3.3,24.3
KR870012_GPC,4305,36.957,2.2,24.3
KR870012_GPC,4300,36.957,2.2,24.3
KR870012_GPC,4317,37.209,4.8,23.5
KR870012_GPC,4306,37.209,4.8,23.5
KR870012_GPC,4256,45.455,6.6,22.7
KR870012_NP,4303,26.644,3.92e-64,214
KR870012_NP,4299,26.644,3.92e-64,214
KR870012_NP,4256,52.941,3.3,24.3
KR870013_GPC,4305,35.000,4.5,23.5
KR870013_GPC,4300,35.000,4.5,23.5
KR870013_GPC,4317,37.209,5.3,23.1
KR870013_GPC,4306,37.209,5.3,23.1
KR870013_GPC,4256,45.455,7.0,22.7
KR870013_NP,4303,26.644,5.28e-64,214
KR870013_NP,4299,26.644,5.28e-64,214
KR870013_NP,4256,52.941,3.3,24.3
KR870015_GPC,4317,29.825,3.8,23.5
KR870015_GPC,4306,29.825,3.8,23.5
KR870015_GPC,4305,35.000,5.0,23.1
KR870015_GPC,4300,35.000,5.0,23.1
KR870015_GPC,4256,45.455,6.7,22.7
KR870015_NP,4303,26.813,1.54e-63,213
KR870015_NP,4299,26.813,1.54e-63,213
KR870015_NP,4256,52.941,3.3,24.3
MH483026_glycoprotein-precursor,4319,27.907,0.33,27.3
MH483026_glycoprotein-precursor,4309,27.907,0.33,27.3
MH483026_glycoprotein-precursor,4302,40.741,0.48,26.6
MH483026_glycoprotein-precursor,4298,40.741,0.48,26.6
MH483026_glycoprotein-precursor,4628,24.828,5.8,23.1
MH483026_nucleoprotein,4303,24.296,3.78e-05,40.0
MH483026_nucleoprotein,4299,24.296,3.78e-05,40.0
MH483026_nucleoprotein,4074,29.730,0.56,26.6
MH483026_nucleoprotein,4073,23.026,0.58,26.9
MH483026_nucleoprotein,6735,27.660,3.8,24.3
NC_055442_glycoprotein-precursor,4319,27.907,0.33,27.3
NC_055442_glycoprotein-precursor,4309,27.907,0.33,27.3
NC_055442_glycoprotein-precursor,4302,40.741,0.48,26.6
NC_055442_glycoprotein-precursor,4298,40.741,0.48,26.6
NC_055442_glycoprotein-precursor,4628,24.828,5.8,23.1
NC_055442_nucleoprotein,4303,24.296,3.78e-05,40.0
NC_055442_nucleoprotein,4299,24.296,3.78e-05,40.0
NC_055442_nucleoprotein,4074,29.730,0.56,26.6
NC_055442_nucleoprotein,4073,23.026,0.58,26.9
NC_055442_nucleoprotein,6735,27.660,3.8,24.3
MH483029_glycoprotein-precursor,6947,22.026,0.041,30.0
MH483029_glycoprotein-precursor,4302,44.444,0.23,27.3
MH483029_glycoprotein-precursor,4298,44.444,0.23,27.3
MH483029_glycoprotein-precursor,5851,27.907,0.95,25.8
MH483029_glycoprotein-precursor,4257,27.907,0.95,25.8
MH483029_nucleoprotein,4303,19.905,5.12e-04,36.6
MH483029_nucleoprotein,4299,19.905,5.12e-04,36.6
MH483029_nucleoprotein,5134,36.842,5.6,22.7
MH483029_nucleoprotein,5851,40.000,9.8,22.7
MH483029_nucleoprotein,4257,40.000,9.8,22.7
MH483024_glycoprotein-precursor,6947,22.026,0.041,30.0
MH483024_glycoprotein-precursor,4302,44.444,0.23,27.3
MH483024_glycoprotein-precursor,4298,44.444,0.23,27.3
MH483024_glycoprotein-precursor,5851,27.907,0.95,25.8
MH483024_glycoprotein-precursor,4257,27.907,0.95,25.8
MH483024_nucleoprotein,4303,19.905,5.12e-04,36.6
MH483024_nucleoprotein,4299,19.905,5.12e-04,36.6
MH483024_nucleoprotein,5134,36.842,5.6,22.7
MH483024_nucleoprotein,5851,40.000,9.8,22.7
MH483024_nucleoprotein,4257,40.000,9.8,22.7
NC_055443_glycoprotein-precursor,6947,22.026,0.041,30.0
NC_055443_glycoprotein-precursor,4302,44.444,0.23,27.3
NC_055443_glycoprotein-precursor,4298,44.444,0.23,27.3
NC_055443_glycoprotein-precursor,5851,27.907,0.95,25.8
NC_055443_glycoprotein-precursor,4257,27.907,0.95,25.8
NC_055443_nucleoprotein,4303,19.905,5.12e-04,36.6
NC_055443_nucleoprotein,4299,19.905,5.12e-04,36.6
NC_055443_nucleoprotein,5134,36.842,5.6,22.7
NC_055443_nucleoprotein,5851,40.000,9.8,22.7
NC_055443_nucleoprotein,4257,40.000,9.8,22.7
NC_055445_glycoprotein-precursor,4252,29.545,0.24,27.3
NC_055445_glycoprotein-precursor,5537,25.581,0.76,26.2
NC_055445_glycoprotein-precursor,4243,25.581,0.76,26.2
NC_055445_glycoprotein-precursor,4628,28.125,1.2,25.4
NC_055445_glycoprotein-precursor,4620,28.125,1.2,25.4
NC_055445_nucleoprotein,4303,22.099,0.014,32.0
NC_055445_nucleoprotein,4299,22.099,0.014,32.0
NC_055445_nucleoprotein,4073,21.935,2.1,25.0
NC_055445_nucleoprotein,5134,34.783,2.1,23.9
NC_055445_nucleoprotein,4317,28.571,2.3,25.0
MH483031_glycoprotein-precursor,4252,29.545,0.24,27.3
MH483031_glycoprotein-precursor,5537,25.581,0.76,26.2
MH483031_glycoprotein-precursor,4243,25.581,0.76,26.2
MH483031_glycoprotein-precursor,4628,28.125,1.2,25.4
MH483031_glycoprotein-precursor,4620,28.125,1.2,25.4
MH483031_nucleoprotein,4303,22.099,0.014,32.0
MH483031_nucleoprotein,4299,22.099,0.014,32.0
MH483031_nucleoprotein,4073,21.935,2.1,25.0
MH483031_nucleoprotein,5134,34.783,2.1,23.9
MH483031_nucleoprotein,4317,28.571,2.3,25.0
MH483041_glycoprotein-precursor,6947,30.612,0.25,27.3
MH483041_glycoprotein-precursor,4302,27.193,0.41,26.6
MH483041_glycoprotein-precursor,4298,27.193,0.41,26.6
MH483041_glycoprotein-precursor,5537,32.432,4.0,23.9
MH483041_glycoprotein-precursor,4243,32.432,4.0,23.9
MH483041_nucleoprotein,4303,23.370,6.01e-04,36.2
MH483041_nucleoprotein,4299,23.370,6.01e-04,36.2
MH483041_nucleoprotein,5134,40.000,0.13,27.7
MH483041_nucleoprotein,577,47.059,1.4,24.6
MH483041_nucleoprotein,4316,32.500,9.9,22.7
MH483043_glycoprotein-precursor,4252,27.083,0.085,28.9
MH483043_glycoprotein-precursor,5537,27.083,0.23,27.7
MH483043_glycoprotein-precursor,4243,27.083,0.23,27.7
MH483043_glycoprotein-precursor,4628,30.357,0.84,25.8
MH483043_glycoprotein-precursor,4620,30.357,0.84,25.8
MH483043_nucleoprotein,4303,22.857,0.004,33.5
MH483043_nucleoprotein,4299,22.857,0.004,33.5
MH483043_nucleoprotein,5134,34.783,1.7,24.3
MH483043_nucleoprotein,4073,36.364,4.3,23.9
MH483043_nucleoprotein,5851,22.772,5.2,23.5
MN567048_glycoprotein-precursor,4302,30.337,0.019,31.2
MN567048_glycoprotein-precursor,4298,30.337,0.019,31.2
MN567048_glycoprotein-precursor,4616,34.000,0.34,26.6
MN567048_glycoprotein-precursor,6947,28.814,2.5,24.3
MN567048_glycoprotein-precursor,4317,27.027,3.2,24.3
MN567048_nucleoprotein,4303,21.598,1.32e-09,54.3
MN567048_nucleoprotein,4299,21.598,1.32e-09,54.3
MN567048_nucleoprotein,6952,45.833,0.58,26.9
MN567048_nucleoprotein,4239,36.842,4.0,21.9
MN567048_nucleoprotein,5759,32.558,9.9,22.7
MN567061_glycoprotein-precursor,4302,26.087,0.007,32.3
MN567061_glycoprotein-precursor,4298,26.087,0.007,32.3
MN567061_glycoprotein-precursor,5181,36.111,1.0,25.8
MN567061_glycoprotein-precursor,4316,31.884,1.8,25.0
MN567061_glycoprotein-precursor,4317,31.884,1.9,25.0
MN567061_glycoprotein-precursor,4317,25.287,8.6,22.7
MN567061_nucleoprotein,4303,22.222,8.73e-10,55.1
MN567061_nucleoprotein,4299,22.222,8.73e-10,55.1
MN567061_nucleoprotein,4324,24.691,2.8,24.3
MN567061_nucleoprotein,4314,24.691,2.8,24.3
MN567061_nucleoprotein,6734,25.275,4.0,23.9
MN567062_RNA-dependent-RNA-polymerase,4305,31.793,3.76e-36,144
MN567062_RNA-dependent-RNA-polymerase,4305,25.571,7.83e-11,61.2
MN567062_RNA-dependent-RNA-polymerase,4300,31.793,3.76e-36,144
MN567062_RNA-dependent-RNA-polymerase,4300,25.571,7.83e-11,61.2
MN567062_RNA-dependent-RNA-polymerase,6952,30.000,1.2,27.7
MN567051_nucleoprotein,4256,29.167,5.4,23.5
MN567051_glycoprotein,8814,31.250,1.3,25.8
MN567051_glycoprotein,4075,35.484,1.7,23.5
MN567051_glycoprotein,5537,46.667,8.3,23.1
MN567051_glycoprotein,4243,46.667,8.3,23.1
MN567051_glycoprotein,4246,46.667,8.7,22.7
MN567051_RNA-dependent-RNA-polymerase,6952,20.504,7.78e-18,84.3
MN567051_RNA-dependent-RNA-polymerase,5163,21.008,0.94,28.1
MN567051_RNA-dependent-RNA-polymerase,5163,35.000,8.3,25.0
MN567051_RNA-dependent-RNA-polymerase,5157,21.008,0.94,28.1
MN567051_RNA-dependent-RNA-polymerase,5157,35.000,8.3,25.0
MN567051_RNA-dependent-RNA-polymerase,5759,24.576,1.0,28.1
MN567051_RNA-dependent-RNA-polymerase,5758,24.576,1.0,28.1
MH988742_delta-antigen,6735,28.000,5.9,21.6
MH988742_delta-antigen,6721,28.000,5.9,21.6
MH988742_delta-antigen,4327,28.000,5.9,21.6
MH988742_delta-antigen,5164,27.027,9.7,20.4
MH988742_delta-antigen,5159,27.027,9.7,20.4
