NC_018482_Z-protein,4129,53.846,0.33,26.2
NC_018482_Z-protein,3027,53.846,0.33,26.2
NC_018482_Z-protein,562,36.000,0.41,25.8
NC_018482_Z-protein,502,36.000,0.41,25.8
NC_018482_L-protein,443,40.541,4.7,28.1
NC_018482_L-protein,519,40.541,4.9,28.1
NC_018482_L-protein,3051,29.091,5.5,27.7
NC_018483_glycoprotein,6328,25.352,6.7,25.0
NC_018483_nucleoprotein,2424,24.359,2.3,27.3
NC_018483_nucleoprotein,2218,24.359,2.3,27.3
NC_018483_nucleoprotein,2057,24.359,2.3,27.3
NC_018483_nucleoprotein,1891,24.359,2.3,27.3
NC_018483_nucleoprotein,1701,24.359,2.3,27.3
JQ717263_L-protein,443,40.541,4.7,28.1
JQ717263_L-protein,519,40.541,4.9,28.1
JQ717263_L-protein,3051,29.091,5.5,27.7
JQ717263_Z-protein,4129,53.846,0.33,26.2
JQ717263_Z-protein,3027,53.846,0.33,26.2
JQ717263_Z-protein,562,36.000,0.41,25.8
JQ717263_Z-protein,502,36.000,0.41,25.8
JQ717264_glycoprotein,6328,25.352,6.7,25.0
JQ717264_nucleoprotein,2424,24.359,2.3,27.3
JQ717264_nucleoprotein,2218,24.359,2.3,27.3
JQ717264_nucleoprotein,2057,24.359,2.3,27.3
JQ717264_nucleoprotein,1891,24.359,2.3,27.3
JQ717264_nucleoprotein,1701,24.359,2.3,27.3
KC508670_Z-protein,4129,53.846,0.33,26.2
KC508670_Z-protein,3027,53.846,0.33,26.2
KC508670_Z-protein,562,36.000,0.41,25.8
KC508670_Z-protein,502,36.000,0.41,25.8
KC508670_L-polymerase,3051,29.091,9.8,26.9
NC_023761_nucleocapsid-protein,2324,27.419,9.1,25.0
NC_023761_nucleocapsid-protein,2143,27.419,9.1,25.0
NC_023761_nucleocapsid-protein,1983,27.419,9.1,25.0
NC_023761_nucleocapsid-protein,1818,27.419,9.1,25.0
NC_023761_nucleocapsid-protein,1601,27.419,9.1,25.0
NC_023762_Z-protein,4129,53.846,0.33,26.2
NC_023762_Z-protein,3027,53.846,0.33,26.2
NC_023762_Z-protein,562,36.000,0.41,25.8
NC_023762_Z-protein,502,36.000,0.41,25.8
NC_023762_L-polymerase,3051,29.091,9.8,26.9
KC508669_nucleocapsid-protein,2324,27.419,9.1,25.0
KC508669_nucleocapsid-protein,2143,27.419,9.1,25.0
KC508669_nucleocapsid-protein,1983,27.419,9.1,25.0
KC508669_nucleocapsid-protein,1818,27.419,9.1,25.0
KC508669_nucleocapsid-protein,1601,27.419,9.1,25.0
KF297880_glycoprotein,2332,25.532,2.5,25.4
KF297880_glycoprotein,1609,25.532,2.5,25.4
KF297880_glycoprotein,3566,43.750,3.7,25.8
KF297880_glycoprotein,5235,21.795,6.3,25.0
KF297880_glycoprotein,2439,19.149,9.4,24.6
KF297880_nucleoprotein,3015,22.772,0.64,28.9
KF297881_Z-protein,562,40.000,0.099,27.7
KF297881_Z-protein,502,40.000,0.099,27.7
KF297881_Z-protein,4129,32.432,0.20,26.9
KF297881_Z-protein,3027,32.432,0.20,26.9
KF297881_Z-protein,8618,35.000,3.1,23.5
NC_023765_Z-protein,562,40.000,0.099,27.7
NC_023765_Z-protein,502,40.000,0.099,27.7
NC_023765_Z-protein,4129,32.432,0.20,26.9
NC_023765_Z-protein,3027,32.432,0.20,26.9
NC_023765_Z-protein,8618,35.000,3.1,23.5
NC_023766_glycoprotein,2332,25.532,2.5,25.4
NC_023766_glycoprotein,1609,25.532,2.5,25.4
NC_023766_glycoprotein,3566,43.750,3.7,25.8
NC_023766_glycoprotein,5235,21.795,6.3,25.0
NC_023766_glycoprotein,2439,19.149,9.4,24.6
NC_023766_nucleoprotein,3015,22.772,0.64,28.9
NC_043443_RdRp,2405,32.353,1.6,29.6
NC_043443_RdRp,2208,32.353,1.6,29.6
NC_043443_RdRp,2047,32.353,1.6,29.6
NC_043443_RdRp,1881,32.353,1.6,29.6
NC_043443_RdRp,1682,32.353,1.6,29.6
NC_043444_GPC,4441,29.545,7.0,25.0
NC_043444_GPC,4361,29.545,7.0,25.0
NC_043444_NP,2304,30.909,7.9,24.6
NC_043444_NP,2132,30.909,7.9,24.6
NC_043444_NP,1973,30.909,7.9,24.6
NC_043444_NP,1808,30.909,7.9,24.6
NC_043444_NP,1581,30.909,7.9,24.6
NC_039005_GPC,6328,25.352,5.3,25.4
NC_039005_NP,2306,34.286,5.4,25.8
NC_039005_NP,2133,34.286,5.4,25.8
NC_039005_NP,1584,34.286,5.4,25.8
NC_039005_NP,1128,34.286,5.4,25.8
NC_039005_NP,1974,34.286,5.5,25.8
KR870012_GPC,6328,25.352,5.3,25.4
KR870012_NP,2306,34.286,5.4,25.8
KR870012_NP,2133,34.286,5.4,25.8
KR870012_NP,1584,34.286,5.4,25.8
KR870012_NP,1128,34.286,5.4,25.8
KR870012_NP,1974,34.286,5.5,25.8
KR870013_GPC,6328,25.352,5.2,25.4
KR870013_NP,2306,32.432,4.0,26.2
KR870013_NP,2133,32.432,4.0,26.2
KR870013_NP,1584,32.432,4.0,26.2
KR870013_NP,1128,32.432,4.0,26.2
KR870013_NP,1974,32.432,4.1,26.2
KR870015_GPC,6328,25.352,5.4,25.4
KR870015_NP,1974,32.432,4.0,26.2
KR870015_NP,1809,32.432,4.0,26.2
KR870015_NP,1413,32.432,4.0,26.2
KR870015_NP,1254,32.432,4.0,26.2
KR870015_NP,2306,32.432,4.1,26.2
MH483026_glycoprotein-precursor,2466,37.931,5.3,25.4
MH483026_glycoprotein-precursor,2242,37.931,5.3,25.4
MH483026_glycoprotein-precursor,2081,37.931,5.3,25.4
MH483026_glycoprotein-precursor,1915,37.931,5.3,25.4
MH483026_glycoprotein-precursor,1742,37.931,5.3,25.4
NC_055442_glycoprotein-precursor,2466,37.931,5.3,25.4
NC_055442_glycoprotein-precursor,2242,37.931,5.3,25.4
NC_055442_glycoprotein-precursor,2081,37.931,5.3,25.4
NC_055442_glycoprotein-precursor,1915,37.931,5.3,25.4
NC_055442_glycoprotein-precursor,1742,37.931,5.3,25.4
MH483029_glycoprotein-precursor,1884,30.769,1.3,27.7
MH483029_glycoprotein-precursor,1488,30.769,1.3,27.7
MH483029_glycoprotein-precursor,2416,30.769,1.3,27.7
MH483029_glycoprotein-precursor,2050,30.769,1.3,27.7
MH483029_glycoprotein-precursor,1693,30.769,1.3,27.7
MH483029_nucleoprotein,6941,36.667,3.0,26.6
MH483029_nucleoprotein,2346,35.294,5.6,25.4
MH483029_nucleoprotein,2160,35.294,5.6,25.4
MH483029_nucleoprotein,1999,35.294,5.6,25.4
MH483029_nucleoprotein,1834,35.294,5.6,25.4
MH483024_glycoprotein-precursor,1884,30.769,1.3,27.7
MH483024_glycoprotein-precursor,1488,30.769,1.3,27.7
MH483024_glycoprotein-precursor,2416,30.769,1.3,27.7
MH483024_glycoprotein-precursor,2050,30.769,1.3,27.7
MH483024_glycoprotein-precursor,1693,30.769,1.3,27.7
MH483024_nucleoprotein,6941,36.667,3.0,26.6
MH483024_nucleoprotein,2346,35.294,5.6,25.4
MH483024_nucleoprotein,2160,35.294,5.6,25.4
MH483024_nucleoprotein,1999,35.294,5.6,25.4
MH483024_nucleoprotein,1834,35.294,5.6,25.4
NC_055443_glycoprotein-precursor,1884,30.769,1.3,27.7
NC_055443_glycoprotein-precursor,1488,30.769,1.3,27.7
NC_055443_glycoprotein-precursor,2416,30.769,1.3,27.7
NC_055443_glycoprotein-precursor,2050,30.769,1.3,27.7
NC_055443_glycoprotein-precursor,1693,30.769,1.3,27.7
NC_055443_nucleoprotein,6941,36.667,3.0,26.6
NC_055443_nucleoprotein,2346,35.294,5.6,25.4
NC_055443_nucleoprotein,2160,35.294,5.6,25.4
NC_055443_nucleoprotein,1999,35.294,5.6,25.4
NC_055443_nucleoprotein,1834,35.294,5.6,25.4
NC_055445_glycoprotein-precursor,4485,33.333,2.0,26.9
NC_055445_glycoprotein-precursor,4405,33.333,2.0,26.9
NC_055445_glycoprotein-precursor,2359,22.581,7.2,25.0
NC_055445_glycoprotein-precursor,2172,22.581,7.2,25.0
NC_055445_glycoprotein-precursor,1636,22.581,7.2,25.0
NC_055445_nucleoprotein,3013,27.500,2.4,26.9
NC_055445_nucleoprotein,2333,25.490,5.3,25.8
NC_055445_nucleoprotein,2149,25.490,5.3,25.8
NC_055445_nucleoprotein,1989,25.490,5.3,25.8
NC_055445_nucleoprotein,1824,25.490,5.3,25.8
MH483031_glycoprotein-precursor,4485,33.333,2.0,26.9
MH483031_glycoprotein-precursor,4405,33.333,2.0,26.9
MH483031_glycoprotein-precursor,2359,22.581,7.2,25.0
MH483031_glycoprotein-precursor,2172,22.581,7.2,25.0
MH483031_glycoprotein-precursor,1636,22.581,7.2,25.0
MH483031_nucleoprotein,3013,27.500,2.4,26.9
MH483031_nucleoprotein,2333,25.490,5.3,25.8
MH483031_nucleoprotein,2149,25.490,5.3,25.8
MH483031_nucleoprotein,1989,25.490,5.3,25.8
MH483031_nucleoprotein,1824,25.490,5.3,25.8
MH483041_glycoprotein-precursor,3071,22.523,1.1,28.1
MH483041_glycoprotein-precursor,2405,29.245,7.5,25.0
MH483041_glycoprotein-precursor,2208,29.245,7.5,25.0
MH483041_glycoprotein-precursor,2047,29.245,7.5,25.0
MH483041_glycoprotein-precursor,1881,29.245,7.5,25.0
MH483041_nucleoprotein,2405,33.333,7.4,25.4
MH483041_nucleoprotein,2208,33.333,7.4,25.4
MH483041_nucleoprotein,2047,33.333,7.4,25.4
MH483041_nucleoprotein,1881,33.333,7.4,25.4
MH483041_nucleoprotein,1682,33.333,7.4,25.4
MH483043_nucleoprotein,2333,26.087,5.5,25.8
MH483043_nucleoprotein,2149,26.087,5.5,25.8
MH483043_nucleoprotein,1989,26.087,5.5,25.8
MH483043_nucleoprotein,1824,26.087,5.5,25.8
MH483043_nucleoprotein,1610,26.087,5.5,25.8
MN567048_glycoprotein-precursor,2857,32.500,4.3,25.8
MN567048_glycoprotein-precursor,2853,32.500,4.3,25.8
MN567048_glycoprotein-precursor,4480,21.212,5.2,25.4
MN567048_glycoprotein-precursor,4400,21.212,5.2,25.4
MN567048_glycoprotein-precursor,2861,30.000,8.0,25.0
MN567061_glycoprotein-precursor,2365,34.884,8.8,24.6
MN567061_glycoprotein-precursor,1642,34.884,8.8,24.6
MN567061_nucleoprotein,2311,31.579,7.0,25.4
MN567061_nucleoprotein,2137,31.579,7.0,25.4
MN567061_nucleoprotein,1977,31.579,7.0,25.4
MN567061_nucleoprotein,1812,31.579,7.0,25.4
MN567061_nucleoprotein,1588,31.579,7.0,25.4
MN567051_nucleoprotein,4436,20.779,0.37,29.3
MN567051_nucleoprotein,4356,20.779,0.37,29.3
MN567051_nucleoprotein,3097,35.000,1.9,27.3
MN567051_nucleoprotein,4451,27.500,3.9,26.2
MN567051_nucleoprotein,4371,27.500,3.9,26.2
MN567051_glycoprotein,4108,32.759,3.3,26.2
MN567051_glycoprotein,4101,32.759,3.3,26.2
MN567051_glycoprotein,6473,27.451,4.2,26.2
MN567051_glycoprotein,4103,31.884,5.0,26.2
MN567051_glycoprotein,4091,31.884,5.0,26.2
MN567051_RNA-dependent-RNA-polymerase,6965,21.388,4.37e-17,84.3
MN567051_RNA-dependent-RNA-polymerase,2362,29.762,0.27,32.0
MN567051_RNA-dependent-RNA-polymerase,2174,29.762,0.27,32.0
MN567051_RNA-dependent-RNA-polymerase,2013,29.762,0.27,32.0
MN567051_RNA-dependent-RNA-polymerase,1848,29.762,0.27,32.0
MH988742_delta-antigen,6965,36.364,5.7,23.9
MH988742_delta-antigen,3321,25.641,5.8,23.9
MH988742_delta-antigen,2413,35.484,6.6,23.9
MH988742_delta-antigen,2048,35.484,6.6,23.9
MH988742_delta-antigen,1882,35.484,6.6,23.9
