NC_018482_Z-protein,9626,42.857,4.2,22.7
NC_018482_L-protein,1040,33.333,0.20,32.0
NC_018482_L-protein,962,33.333,0.20,32.0
NC_018482_L-protein,4172,34.211,8.7,26.6
NC_018482_L-protein,4159,34.211,8.7,26.6
NC_018483_glycoprotein,3080,26.667,1.3,26.9
NC_018483_nucleoprotein,5347,24.074,0.19,29.6
NC_018483_nucleoprotein,5294,24.074,0.27,29.3
NC_018483_nucleoprotein,5060,40.625,1.3,25.8
NC_018483_nucleoprotein,5023,40.625,1.3,25.8
NC_018483_nucleoprotein,8679,40.625,1.5,25.8
JQ717263_L-protein,1040,33.333,0.20,32.0
JQ717263_L-protein,962,33.333,0.20,32.0
JQ717263_L-protein,4172,34.211,8.7,26.6
JQ717263_L-protein,4159,34.211,8.7,26.6
JQ717263_Z-protein,9626,42.857,4.2,22.7
JQ717264_glycoprotein,3080,26.667,1.3,26.9
JQ717264_nucleoprotein,5347,24.074,0.19,29.6
JQ717264_nucleoprotein,5294,24.074,0.27,29.3
JQ717264_nucleoprotein,5060,40.625,1.3,25.8
JQ717264_nucleoprotein,5023,40.625,1.3,25.8
JQ717264_nucleoprotein,8679,40.625,1.5,25.8
KC508670_L-polymerase,1026,31.461,5.0,27.3
KC508670_L-polymerase,948,31.461,5.0,27.3
NC_023761_glycoprotein,3080,24.000,6.3,24.6
NC_023761_nucleocapsid-protein,3902,35.484,0.37,29.3
NC_023761_nucleocapsid-protein,3895,35.484,0.37,29.3
NC_023761_nucleocapsid-protein,5464,28.916,1.5,27.3
NC_023761_nucleocapsid-protein,5465,28.947,1.6,27.3
NC_023761_nucleocapsid-protein,5466,28.947,2.1,26.9
NC_023762_L-polymerase,1026,31.461,5.0,27.3
NC_023762_L-polymerase,948,31.461,5.0,27.3
KC508669_glycoprotein,3080,24.000,6.3,24.6
KC508669_nucleocapsid-protein,3902,35.484,0.37,29.3
KC508669_nucleocapsid-protein,3895,35.484,0.37,29.3
KC508669_nucleocapsid-protein,5464,28.916,1.5,27.3
KC508669_nucleocapsid-protein,5465,28.947,1.6,27.3
KC508669_nucleocapsid-protein,5466,28.947,2.1,26.9
KF297880_glycoprotein,3080,26.562,2.8,25.8
KF297880_nucleoprotein,8679,34.545,0.54,26.9
KF297880_nucleoprotein,8642,34.545,0.54,26.9
KF297880_nucleoprotein,5097,34.545,0.54,26.9
KF297880_nucleoprotein,5060,40.625,1.1,25.8
KF297880_nucleoprotein,5023,40.625,1.1,25.8
KF297881_L-protein,1020,23.529,0.72,30.4
KF297881_L-protein,3896,27.778,6.5,26.9
KF297881_L-protein,3889,27.778,6.5,26.9
KF297881_L-protein,907,31.818,7.1,26.9
KF297881_L-protein,986,31.818,7.4,26.9
NC_023765_L-protein,1020,23.529,0.72,30.4
NC_023765_L-protein,3896,27.778,6.5,26.9
NC_023765_L-protein,3889,27.778,6.5,26.9
NC_023765_L-protein,907,31.818,7.1,26.9
NC_023765_L-protein,986,31.818,7.4,26.9
NC_023766_glycoprotein,3080,26.562,2.8,25.8
NC_023766_nucleoprotein,8679,34.545,0.54,26.9
NC_023766_nucleoprotein,8642,34.545,0.54,26.9
NC_023766_nucleoprotein,5097,34.545,0.54,26.9
NC_023766_nucleoprotein,5060,40.625,1.1,25.8
NC_023766_nucleoprotein,5023,40.625,1.1,25.8
NC_043444_GPC,5454,29.032,0.55,28.1
NC_043444_GPC,5446,29.032,0.55,28.1
NC_043444_GPC,5455,29.032,2.0,25.8
NC_043444_GPC,5447,29.032,2.0,25.8
NC_043444_GPC,5453,29.032,2.4,26.2
NC_043444_NP,7259,40.000,9.2,24.6
NC_043444_NP,7368,40.000,9.3,24.6
NC_039005_GPC,3080,25.333,1.9,26.6
NC_039005_GPC,9445,30.645,4.9,25.0
NC_039005_GPC,3095,21.552,4.9,25.0
NC_039005_NP,5347,25.000,1.00,27.3
NC_039005_NP,5294,25.000,1.4,26.9
NC_039005_NP,7215,25.490,5.2,25.4
NC_039005_NP,3080,32.258,5.4,25.4
NC_039005_NP,7329,25.490,5.5,25.4
KR870012_GPC,3080,25.333,1.9,26.6
KR870012_GPC,9445,30.645,4.9,25.0
KR870012_GPC,3095,21.552,4.9,25.0
KR870012_NP,5347,25.000,1.00,27.3
KR870012_NP,5294,25.000,1.4,26.9
KR870012_NP,7215,25.490,5.2,25.4
KR870012_NP,3080,32.258,5.4,25.4
KR870012_NP,7329,25.490,5.5,25.4
KR870013_GPC,3080,25.333,1.4,26.9
KR870013_GPC,9445,30.645,7.6,24.6
KR870013_NP,5347,25.000,0.97,27.3
KR870013_NP,5294,25.000,1.4,26.9
KR870013_NP,5014,30.952,5.1,25.4
KR870013_NP,4975,30.952,5.1,25.4
KR870013_NP,3080,32.258,5.4,25.4
KR870015_GPC,3080,25.333,1.5,26.6
KR870015_GPC,9445,30.645,4.9,25.0
KR870015_NP,5347,25.000,1.0,27.3
KR870015_NP,5294,25.000,1.4,26.9
KR870015_NP,3080,32.258,5.2,25.4
KR870015_NP,5148,35.135,8.3,25.0
KR870015_NP,6953,22.549,8.8,25.0
MH483026_glycoprotein-precursor,7329,36.000,3.8,25.8
MH483026_glycoprotein-precursor,7215,36.000,3.8,25.8
MH483026_glycoprotein-precursor,6603,27.778,8.0,24.3
MH483026_nucleoprotein,926,26.087,4.5,25.4
NC_055442_glycoprotein-precursor,7329,36.000,3.8,25.8
NC_055442_glycoprotein-precursor,7215,36.000,3.8,25.8
NC_055442_glycoprotein-precursor,6603,27.778,8.0,24.3
NC_055442_nucleoprotein,926,26.087,4.5,25.4
MH483029_nucleoprotein,5326,50.000,1.7,24.3
MH483029_nucleoprotein,5354,33.333,5.5,25.4
MH483029_nucleoprotein,5301,33.333,5.5,25.4
MH483029_nucleoprotein,3005,28.205,6.7,25.0
MH483029_nucleoprotein,2995,28.205,6.7,25.0
MH483024_nucleoprotein,5326,50.000,1.7,24.3
MH483024_nucleoprotein,5354,33.333,5.5,25.4
MH483024_nucleoprotein,5301,33.333,5.5,25.4
MH483024_nucleoprotein,3005,28.205,6.7,25.0
MH483024_nucleoprotein,2995,28.205,6.7,25.0
NC_055443_nucleoprotein,5326,50.000,1.7,24.3
NC_055443_nucleoprotein,5354,33.333,5.5,25.4
NC_055443_nucleoprotein,5301,33.333,5.5,25.4
NC_055443_nucleoprotein,3005,28.205,6.7,25.0
NC_055443_nucleoprotein,2995,28.205,6.7,25.0
NC_055445_glycoprotein-precursor,9444,30.000,0.35,28.9
NC_055445_glycoprotein-precursor,9432,30.000,0.35,28.9
NC_055445_glycoprotein-precursor,3879,47.826,1.7,26.9
NC_055445_glycoprotein-precursor,3881,47.826,2.2,26.6
NC_055445_glycoprotein-precursor,3880,47.826,2.2,26.6
NC_055445_nucleoprotein,4920,27.869,0.12,30.8
NC_055445_nucleoprotein,4846,27.869,0.13,30.8
NC_055445_nucleoprotein,4883,27.869,0.19,30.0
NC_055445_nucleoprotein,8691,26.230,0.52,28.9
NC_055445_nucleoprotein,5072,26.230,0.70,28.5
MH483031_glycoprotein-precursor,9444,30.000,0.35,28.9
MH483031_glycoprotein-precursor,9432,30.000,0.35,28.9
MH483031_glycoprotein-precursor,3879,47.826,1.7,26.9
MH483031_glycoprotein-precursor,3881,47.826,2.2,26.6
MH483031_glycoprotein-precursor,3880,47.826,2.2,26.6
MH483031_nucleoprotein,4920,27.869,0.12,30.8
MH483031_nucleoprotein,4846,27.869,0.13,30.8
MH483031_nucleoprotein,4883,27.869,0.19,30.0
MH483031_nucleoprotein,8691,26.230,0.52,28.9
MH483031_nucleoprotein,5072,26.230,0.70,28.5
MH483041_glycoprotein-precursor,9606,24.719,0.78,27.7
MH483041_glycoprotein-precursor,9604,24.719,0.78,27.7
MH483041_glycoprotein-precursor,5454,30.769,1.0,26.9
MH483041_glycoprotein-precursor,5446,30.769,1.0,26.9
MH483041_glycoprotein-precursor,5079,36.364,4.5,25.4
MH483041_nucleoprotein,5336,21.839,2.6,26.6
MH483041_nucleoprotein,950,23.429,3.4,26.2
MH483041_nucleoprotein,1028,23.429,3.4,26.2
MH483041_nucleoprotein,4994,31.250,6.7,25.0
MH483041_nucleoprotein,4955,31.250,6.7,25.0
MH483043_glycoprotein-precursor,9444,27.451,5.9,25.0
MH483043_glycoprotein-precursor,9432,27.451,5.9,25.0
MH483043_glycoprotein-precursor,4998,29.091,6.2,25.0
MH483043_glycoprotein-precursor,4959,29.091,6.2,25.0
MN567048_glycoprotein-precursor,7361,22.785,5.0,25.4
MN567048_glycoprotein-precursor,7251,22.785,5.0,25.4
MN567048_glycoprotein-precursor,5465,28.070,5.4,25.4
MN567048_glycoprotein-precursor,5850,40.909,5.7,25.0
MN567048_glycoprotein-precursor,4296,40.909,5.7,25.0
MN567048_nucleoprotein,5149,37.500,2.3,26.9
MN567048_nucleoprotein,8710,28.846,2.4,26.6
MN567048_nucleoprotein,5417,28.846,2.6,26.6
MN567048_nucleoprotein,5850,40.741,3.8,26.2
MN567048_nucleoprotein,4296,40.741,3.8,26.2
MN567061_glycoprotein-precursor,6509,19.403,2.2,26.6
MN567061_nucleoprotein,8710,30.769,1.2,27.7
MN567061_nucleoprotein,5417,30.769,1.3,27.3
MN567061_nucleoprotein,5850,34.694,2.0,26.9
MN567061_nucleoprotein,4296,34.694,2.0,26.9
MN567061_nucleoprotein,5149,33.333,4.4,25.8
MN567062_RNA-dependent-RNA-polymerase,4849,56.522,3.8,27.7
MN567062_RNA-dependent-RNA-polymerase,4886,40.426,4.2,27.7
MN567062_RNA-dependent-RNA-polymerase,8694,40.426,4.2,27.7
MN567062_RNA-dependent-RNA-polymerase,5075,40.426,4.2,27.7
MN567062_RNA-dependent-RNA-polymerase,5038,40.426,4.2,27.7
MN567051_nucleoprotein,5377,50.000,0.48,26.9
MN567051_nucleoprotein,5328,50.000,0.48,26.9
MN567051_nucleoprotein,9606,31.250,5.0,25.4
MN567051_nucleoprotein,9604,31.250,5.0,25.4
MN567051_nucleoprotein,933,24.658,6.7,25.0
MN567051_glycoprotein,4896,27.692,2.1,26.6
MN567051_glycoprotein,2996,31.034,2.6,26.9
MN567051_glycoprotein,2986,31.034,2.6,26.9
MN567051_glycoprotein,2997,31.034,2.7,26.6
MN567051_glycoprotein,2987,31.034,2.7,26.6
MN567051_RNA-dependent-RNA-polymerase,3902,22.121,9.22e-23,102
MN567051_RNA-dependent-RNA-polymerase,3895,22.121,9.22e-23,102
MN567051_RNA-dependent-RNA-polymerase,6502,20.609,3.18e-18,87.8
MN567051_RNA-dependent-RNA-polymerase,6495,20.609,3.18e-18,87.8
MN567051_RNA-dependent-RNA-polymerase,6509,20.633,3.26e-17,84.3
MH988742_delta-antigen,5422,23.438,2.0,23.5
MH988742_delta-antigen,939,22.764,7.5,23.1
MH988742_delta-antigen,1017,22.764,9.9,22.7
